kl: 1 , 2(0) ,7(0)
kl: 1 , 2(0) ,7(0)
kl: 1 , 2(0) ,7(0)
kl: 1 , 2(0) ,7(0)
kl: 1 , 2(0) ,7(0)
kl: 1 , 2(0) ,7(0)
kl: 1 , 2(0) ,7(0)
kl: 1 , 2(0) ,7(0)
kl: 1 , 2(0) ,7(0)
kl: 1 , 2(0) ,7(0)
kl: 2 , 2(0) ,14(0)
kl: 2 , 2(0) ,14(0)
kl: 2 , 2(0) ,14(0)
kl: 2 , 2(0) ,14(0)
kl: 2 , 2(0) ,14(0)
kl: 2 , 2(0) ,14(0)
kl: 2 , 2(0) ,14(0)
kl: 2 , 2(0) ,14(0)
kl: 2 , 2(0) ,14(0)
kl: 2 , 2(0) ,14(0)
kl: 3 , 3(0) ,9(0)
kl: 3 , 3(0) ,9(0)
kl: 3 , 3(0) ,9(0)
kl: 3 , 3(0) ,9(0)
kl: 3 , 3(0) ,9(0)
kl: 3 , 3(0) ,9(0)
kl: 3 , 3(0) ,9(0)
kl: 3 , 3(0) ,9(0)
kl: 3 , 3(0) ,9(0)
kl: 3 , 3(0) ,9(0)
kl: 4 , 2(3) ,20(0)
kl: 4 , 2(3) ,20(0)
kl: 4 , 2(2) ,20(0)
kl: 4 , 2(3) ,20(0)
kl: 4 , 2(3) ,20(0)
kl: 4 , 2(2) ,20(0)
kl: 4 , 2(4) ,20(0)
kl: 4 , 2(4) ,20(0)
kl: 4 , 2(2) ,20(0)
kl: 4 , 2(4) ,20(0)
kl: 5 , 5(0) ,20(0)
kl: 5 , 5(0) ,20(0)
kl: 5 , 5(0) ,20(0)
kl: 5 , 5(0) ,20(0)
kl: 5 , 5(0) ,20(0)
kl: 5 , 5(0) ,20(0)
kl: 5 , 5(0) ,20(0)
kl: 5 , 5(0) ,20(0)
kl: 5 , 5(0) ,20(0)
kl: 5 , 5(0) ,20(0)
kl: 6 , 2(5) ,6(0)
kl: 6 , 2(6) ,6(0)
kl: 6 , 2(5) ,6(0)
kl: 6 , 2(6) ,6(0)
kl: 6 , 2(6) ,6(0)
kl: 6 , 2(5) ,6(0)
kl: 6 , 2(4) ,6(0)
kl: 6 , 2(5) ,6(0)
kl: 6 , 2(5) ,6(0)
kl: 6 , 2(6) ,6(0)
kl: 7 , 7(0) ,14(0)
kl: 7 , 7(0) ,14(0)
kl: 7 , 7(0) ,14(0)
kl: 7 , 7(0) ,14(0)
kl: 7 , 7(0) ,14(0)
kl: 7 , 7(0) ,14(0)
kl: 7 , 7(0) ,14(0)
kl: 7 , 7(0) ,14(0)
kl: 7 , 7(0) ,14(0)
kl: 7 , 7(0) ,14(0)
kl: 8 , 2(8) ,8(0)
kl: 8 , 2(5) ,8(0)
kl: 8 , 2(8) ,8(0)
kl: 8 , 2(7) ,8(0)
kl: 8 , 2(6) ,8(0)
kl: 8 , 2(6) ,8(0)
kl: 8 , 2(7) ,8(0)
kl: 8 , 2(6) ,8(0)
kl: 8 , 2(8) ,8(0)
kl: 8 , 2(7) ,8(0)
kl: 9 , 3(8) ,9(0)
kl: 9 , 3(9) ,9(0)
kl: 9 , 3(7) ,9(0)
kl: 9 , 3(8) ,9(0)
kl: 9 , 3(8) ,9(0)
kl: 9 , 3(8) ,9(0)
kl: 9 , 3(8) ,9(0)
kl: 9 , 3(6) ,9(0)
kl: 9 , 3(9) ,9(0)
kl: 9 , 3(7) ,9(0)
kl: 10 , 2(9) ,20(0)
kl: 10 , 2(9) ,20(0)
kl: 10 , 2(9) ,20(0)
kl: 10 , 2(10) ,20(0)
kl: 10 , 2(9) ,20(0)
kl: 10 , 2(10) ,20(0)
kl: 10 , 2(7) ,20(0)
kl: 10 , 2(9) ,20(0)
kl: 10 , 2(9) ,20(0)
kl: 10 , 2(10) ,20(0)
kl: 11 , 11(0) ,55(0)
kl: 11 , 11(0) ,55(0)
kl: 11 , 11(0) ,55(0)
kl: 11 , 11(0) ,55(0)
kl: 11 , 11(0) ,55(0)
kl: 11 , 11(0) ,55(0)
kl: 11 , 11(0) ,55(0)
kl: 11 , 11(0) ,55(0)
kl: 11 , 11(0) ,55(0)
kl: 11 , 11(0) ,55(0)
kl: 12 , 2(11) ,36(0)
kl: 12 , 2(11) ,36(0)
kl: 12 , 2(12) ,36(0)
kl: 12 , 2(8) ,36(0)
kl: 12 , 2(9) ,36(0)
kl: 12 , 2(9) ,36(0)
kl: 12 , 2(9) ,36(0)
kl: 12 , 2(10) ,36(0)
kl: 12 , 2(10) ,36(0)
kl: 12 , 2(9) ,36(0)
kl: 13 , 13(0) ,52(0)
kl: 13 , 13(0) ,52(0)
kl: 13 , 13(0) ,52(0)
kl: 13 , 13(0) ,52(0)
kl: 13 , 13(0) ,52(0)
kl: 13 , 13(0) ,52(0)
kl: 13 , 13(0) ,52(0)
kl: 13 , 13(0) ,52(0)
kl: 13 , 13(0) ,52(0)
kl: 13 , 13(0) ,52(0)
kl: 14 , 2(13) ,14(0)
kl: 14 , 2(11) ,14(0)
kl: 14 , 2(11) ,14(0)
kl: 14 , 2(12) ,14(0)
kl: 14 , 2(12) ,14(0)
kl: 14 , 2(13) ,14(0)
kl: 14 , 2(14) ,14(0)
kl: 14 , 2(13) ,14(0)
kl: 14 , 2(12) ,14(0)
kl: 14 , 2(14) ,14(0)
kl: 15 , 3(13) ,45(0)
kl: 15 , 3(14) ,45(0)
kl: 15 , 3(14) ,45(0)
kl: 15 , 3(14) ,45(0)
kl: 15 , 3(14) ,45(0)
kl: 15 , 3(13) ,45(0)
kl: 15 , 3(13) ,45(0)
kl: 15 , 3(13) ,45(0)
kl: 15 , 3(15) ,45(0)
kl: 15 , 3(11) ,45(0)
kl: 16 , 2(15) ,16(0)
kl: 16 , 2(13) ,16(0)
kl: 16 , 2(15) ,16(0)
kl: 16 , 2(14) ,16(0)
kl: 16 , 2(15) ,16(0)
kl: 16 , 2(16) ,16(0)
kl: 16 , 2(10) ,16(0)
kl: 16 , 2(16) ,16(0)
kl: 16 , 2(14) ,16(0)
kl: 16 , 2(16) ,16(0)
kl: 17 , 17(0) ,34(0)
kl: 17 , 17(0) ,34(0)
kl: 17 , 17(0) ,34(0)
kl: 17 , 17(0) ,34(0)
kl: 17 , 17(0) ,34(0)
kl: 17 , 17(0) ,34(0)
kl: 17 , 17(0) ,34(0)
kl: 17 , 17(0) ,34(0)
kl: 17 , 17(0) ,34(0)
kl: 17 , 17(0) ,34(0)
kl: 18 , 2(17) ,36(0)
kl: 18 , 2(17) ,36(0)
kl: 18 , 2(15) ,36(0)
kl: 18 , 2(16) ,36(0)
kl: 18 , 2(15) ,36(0)
kl: 18 , 2(17) ,36(0)
kl: 18 , 2(17) ,36(0)
kl: 18 , 2(16) ,36(0)
kl: 18 , 2(18) ,36(0)
kl: 18 , 2(16) ,36(0)
kl: 19 , 19(0) ,38(1)
kl: 19 , 19(0) ,38(1)
kl: 19 , 19(0) ,19(0)
kl: 19 , 19(0) ,38(1)
kl: 19 , 19(0) ,38(1)
kl: 19 , 19(0) ,38(1)
kl: 19 , 19(0) ,38(1)
kl: 19 , 19(0) ,38(1)
kl: 19 , 19(0) ,38(1)
kl: 19 , 19(0) ,38(1)
kl: 20 , 2(18) ,40(0)
kl: 20 , 2(19) ,40(0)
kl: 20 , 2(18) ,40(0)
kl: 20 , 2(19) ,40(0)
kl: 20 , 2(18) ,40(0)
kl: 20 , 2(19) ,40(0)
kl: 20 , 2(19) ,40(0)
kl: 20 , 2(18) ,40(0)
kl: 20 , 2(17) ,40(0)
kl: 20 , 2(18) ,40(0)
kl: 21 , 3(18) ,21(0)
kl: 21 , 3(15) ,21(0)
kl: 21 , 3(18) ,21(0)
kl: 21 , 3(18) ,21(0)
kl: 21 , 3(19) ,21(0)
kl: 21 , 3(19) ,21(0)
kl: 21 , 3(20) ,21(0)
kl: 21 , 3(17) ,21(0)
kl: 21 , 3(20) ,21(0)
kl: 21 , 3(17) ,21(0)
kl: 22 , 2(22) ,22(0)
kl: 22 , 2(20) ,22(0)
kl: 22 , 2(18) ,22(0)
kl: 22 , 2(20) ,22(0)
kl: 22 , 2(21) ,22(0)
kl: 22 , 2(22) ,22(0)
kl: 22 , 2(21) ,22(0)
kl: 22 , 2(18) ,22(0)
kl: 22 , 2(21) ,22(0)
kl: 22 , 2(19) ,22(0)
kl: 23 , 23(0) ,46(0)
kl: 23 , 23(0) ,46(0)
kl: 23 , 23(0) ,46(0)
kl: 23 , 23(0) ,46(0)
kl: 23 , 23(0) ,46(0)
kl: 23 , 23(0) ,46(0)
kl: 23 , 23(0) ,46(0)
kl: 23 , 23(0) ,46(0)
kl: 23 , 23(0) ,46(0)
kl: 23 , 23(0) ,46(0)
kl: 24 , 2(24) ,24(1)
kl: 24 , 2(20) ,24(1)
kl: 24 , 2(23) ,24(1)
kl: 24 , 2(19) ,24(1)
kl: 24 , 2(20) ,24(1)
kl: 24 , 2(21) ,24(1)
kl: 24 , 2(23) ,24(1)
kl: 24 , 2(23) ,24(1)
kl: 24 , 2(22) ,24(1)
kl: 24 , 2(20) ,24(1)
kl: 25 , 5(22) ,25(0)
kl: 25 , 5(21) ,25(0)
kl: 25 , 5(21) ,25(0)
kl: 25 , 5(22) ,25(0)
kl: 25 , 5(21) ,25(0)
kl: 25 , 5(23) ,25(0)
kl: 25 , 5(22) ,25(0)
kl: 25 , 5(20) ,25(0)
kl: 25 , 5(19) ,25(0)
kl: 25 , 5(24) ,25(0)
kl: 26 , 2(25) ,52(0)
kl: 26 , 2(23) ,52(0)
kl: 26 , 2(22) ,52(0)
kl: 26 , 2(24) ,52(0)
kl: 26 , 2(20) ,52(0)
kl: 26 , 2(23) ,26(0)
kl: 26 , 2(23) ,52(0)
kl: 26 , 2(25) ,52(0)
kl: 26 , 2(22) ,52(0)
kl: 26 , 2(24) ,52(0)
kl: 27 , 3(22) ,54(3)
kl: 27 , 3(23) ,54(3)
kl: 27 , 3(26) ,54(3)
kl: 27 , 3(24) ,54(3)
kl: 27 , 3(27) ,54(3)
kl: 27 , 3(22) ,54(3)
kl: 27 , 3(24) ,54(3)
kl: 27 , 3(26) ,54(3)
kl: 27 , 3(25) ,54(3)
kl: 27 , 3(23) ,54(3)
kl: 28 , 2(25) ,56(0)
kl: 28 , 2(24) ,56(0)
kl: 28 , 2(26) ,56(0)
kl: 28 , 2(27) ,56(0)
kl: 28 , 2(26) ,56(0)
kl: 28 , 2(24) ,56(0)
kl: 28 , 2(25) ,56(0)
kl: 28 , 2(26) ,56(0)
kl: 28 , 2(24) ,56(0)
kl: 28 , 2(24) ,56(0)
kl: 29 , 29(0) ,58(1)
kl: 29 , 29(0) ,58(1)
kl: 29 , 29(0) ,58(1)
kl: 29 , 29(0) ,58(1)
kl: 29 , 29(0) ,58(1)
kl: 29 , 29(0) ,58(1)
kl: 29 , 29(0) ,58(1)
kl: 29 , 29(0) ,58(1)
kl: 29 , 29(0) ,58(1)
kl: 29 , 29(0) ,58(1)
kl: 30 , 2(27) ,30(0)
kl: 30 , 2(28) ,30(0)
kl: 30 , 2(28) ,30(0)
kl: 30 , 2(29) ,30(0)
kl: 30 , 2(30) ,30(0)
kl: 30 , 2(29) ,30(0)
kl: 30 , 2(30) ,30(0)
kl: 30 , 2(27) ,30(0)
kl: 30 , 2(28) ,30(0)
kl: 30 , 2(28) ,30(0)
kl: 31 , 31(0) ,31(0)
kl: 31 , 31(0) ,31(0)
kl: 31 , 31(0) ,31(0)
kl: 31 , 31(0) ,31(0)
kl: 31 , 31(0) ,31(0)
kl: 31 , 31(0) ,31(0)
kl: 31 , 31(0) ,31(0)
kl: 31 , 31(0) ,31(0)
kl: 31 , 31(0) ,31(0)
kl: 31 , 31(0) ,31(0)
kl: 32 , 2(31) ,32(0)
kl: 32 , 2(31) ,32(0)
kl: 32 , 2(28) ,32(0)
kl: 32 , 2(31) ,32(0)
kl: 32 , 2(31) ,32(0)
kl: 32 , 2(28) ,32(0)
kl: 32 , 2(29) ,32(0)
kl: 32 , 2(29) ,32(0)
kl: 32 , 2(28) ,32(0)
kl: 32 , 2(31) ,32(0)
kl: 33 , 3(29) ,33(0)
kl: 33 , 3(31) ,33(0)
kl: 33 , 3(28) ,33(0)
kl: 33 , 3(31) ,33(0)
kl: 33 , 3(29) ,33(0)
kl: 33 , 3(32) ,33(0)
kl: 33 , 3(29) ,33(0)
kl: 33 , 3(30) ,33(0)
kl: 33 , 3(30) ,33(0)
kl: 33 , 3(30) ,33(0)
kl: 34 , 2(31) ,34(0)
kl: 34 , 2(33) ,34(0)
kl: 34 , 2(32) ,34(0)
kl: 34 , 2(31) ,34(0)
kl: 34 , 2(31) ,34(0)
kl: 34 , 2(34) ,34(0)
kl: 34 , 2(32) ,34(0)
kl: 34 , 2(29) ,34(0)
kl: 34 , 2(30) ,34(0)
kl: 34 , 2(33) ,34(0)
kl: 35 , 5(31) ,35(1)
kl: 35 , 5(30) ,35(1)
kl: 35 , 5(32) ,35(1)
kl: 35 , 5(30) ,35(1)
kl: 35 , 5(33) ,35(1)
kl: 35 , 5(30) ,35(1)
kl: 35 , 5(30) ,35(1)
kl: 35 , 5(32) ,35(1)
kl: 35 , 5(31) ,35(1)
kl: 35 , 5(32) ,35(1)
kl: 36 , 2(34) ,36(1)
kl: 36 , 2(35) ,36(1)
kl: 36 , 2(33) ,36(1)
kl: 36 , 2(34) ,36(1)
kl: 36 , 2(34) ,36(1)
kl: 36 , 2(34) ,36(1)
kl: 36 , 2(33) ,36(1)
kl: 36 , 2(35) ,36(1)
kl: 36 , 2(33) ,36(1)
kl: 36 , 2(34) ,36(1)
kl: 37 , 37(0) ,37(0)
kl: 37 , 37(0) ,37(0)
kl: 37 , 37(0) ,37(0)
kl: 37 , 37(0) ,37(0)
kl: 37 , 37(0) ,37(0)
kl: 37 , 37(0) ,37(0)
kl: 37 , 37(0) ,37(0)
kl: 37 , 37(0) ,37(0)
kl: 37 , 37(0) ,37(0)
kl: 37 , 37(0) ,37(0)
kl: 38 , 2(35) ,38(1)
kl: 38 , 2(34) ,38(1)
kl: 38 , 2(37) ,38(1)
kl: 38 , 2(34) ,38(1)
kl: 38 , 2(36) ,38(1)
kl: 38 , 2(36) ,38(1)
kl: 38 , 2(36) ,38(1)
kl: 38 , 2(35) ,38(1)
kl: 38 , 2(34) ,38(1)
kl: 38 , 2(35) ,38(1)
kl: 39 , 3(34) ,39(0)
kl: 39 , 3(36) ,39(0)
kl: 39 , 3(36) ,39(0)
kl: 39 , 3(35) ,39(0)
kl: 39 , 3(38) ,39(0)
kl: 39 , 3(34) ,39(0)
kl: 39 , 3(37) ,39(0)
kl: 39 , 3(38) ,39(0)
kl: 39 , 3(37) ,39(0)
kl: 39 , 3(34) ,39(0)
kl: 40 , 2(37) ,40(0)
kl: 40 , 2(33) ,40(0)
kl: 40 , 2(37) ,40(0)
kl: 40 , 2(39) ,40(0)
kl: 40 , 2(36) ,40(0)
kl: 40 , 2(35) ,40(0)
kl: 40 , 2(37) ,40(0)
kl: 40 , 2(37) ,40(0)
kl: 40 , 2(37) ,40(0)
kl: 40 , 2(38) ,40(0)
kl: 41 , 41(1) ,41(1)
kl: 41 , 41(1) ,41(1)
kl: 41 , 41(1) ,41(1)
kl: 41 , 41(1) ,41(1)
kl: 41 , 41(1) ,41(1)
kl: 41 , 41(1) ,41(1)
kl: 41 , 41(1) ,41(1)
kl: 41 , 41(1) ,41(1)
kl: 41 , 41(1) ,41(1)
kl: 41 , 41(1) ,41(1)
kl: 42 , 2(39) ,42(1)
kl: 42 , 2(37) ,42(1)
kl: 42 , 2(34) ,42(1)
kl: 42 , 2(38) ,42(1)
kl: 42 , 2(38) ,42(1)
kl: 42 , 2(38) ,42(1)
kl: 42 , 2(40) ,42(1)
kl: 42 , 2(40) ,42(1)
kl: 42 , 2(40) ,42(1)
kl: 42 , 2(41) ,42(1)
kl: 43 , 43(0) ,43(0)
kl: 43 , 43(0) ,43(0)
kl: 43 , 43(0) ,43(0)
kl: 43 , 43(0) ,43(0)
kl: 43 , 43(0) ,43(0)
kl: 43 , 43(0) ,43(0)
kl: 43 , 43(0) ,43(0)
kl: 43 , 43(0) ,43(0)
kl: 43 , 43(0) ,43(0)
kl: 43 , 43(0) ,43(0)
kl: 44 , 2(42) ,44(0)
kl: 44 , 2(40) ,44(0)
kl: 44 , 2(42) ,44(0)
kl: 44 , 2(42) ,44(0)
kl: 44 , 2(40) ,44(0)
kl: 44 , 2(40) ,44(0)
kl: 44 , 2(42) ,44(0)
kl: 44 , 2(40) ,44(0)
kl: 44 , 2(42) ,44(0)
kl: 44 , 2(42) ,44(0)
kl: 45 , 3(41) ,45(0)
kl: 45 , 3(42) ,45(0)
kl: 45 , 3(41) ,45(0)
kl: 45 , 3(43) ,45(0)
kl: 45 , 3(42) ,45(0)
kl: 45 , 3(39) ,45(0)
kl: 45 , 3(40) ,45(0)
kl: 45 , 3(39) ,45(0)
kl: 45 , 3(42) ,45(0)
kl: 45 , 3(42) ,45(0)
kl: 46 , 2(41) ,46(1)
kl: 46 , 2(45) ,46(1)
kl: 46 , 2(40) ,46(1)
kl: 46 , 2(39) ,46(1)
kl: 46 , 2(44) ,46(1)
kl: 46 , 2(41) ,46(1)
kl: 46 , 2(44) ,46(1)
kl: 46 , 2(37) ,46(1)
kl: 46 , 2(43) ,46(1)
kl: 46 , 2(40) ,46(1)
kl: 47 , 47(0) ,47(0)
kl: 47 , 47(0) ,47(0)
kl: 47 , 47(0) ,47(0)
kl: 47 , 47(0) ,47(0)
kl: 47 , 47(0) ,47(0)
kl: 47 , 47(0) ,47(0)
kl: 47 , 47(0) ,47(0)
kl: 47 , 47(0) ,47(0)
kl: 47 , 47(0) ,47(0)
kl: 47 , 47(0) ,47(0)
kl: 48 , 2(43) ,48(3)
kl: 48 , 2(45) ,48(3)
kl: 48 , 2(46) ,48(3)
kl: 48 , 2(45) ,48(3)
kl: 48 , 2(44) ,48(3)
kl: 48 , 2(44) ,48(3)
kl: 48 , 2(44) ,48(3)
kl: 48 , 2(41) ,48(3)
kl: 48 , 2(45) ,48(3)
kl: 48 , 2(40) ,48(3)
kl: 49 , 7(41) ,49(2)
kl: 49 , 7(47) ,49(2)
kl: 49 , 7(43) ,49(2)
kl: 49 , 7(44) ,49(2)
kl: 49 , 7(44) ,49(2)
kl: 49 , 7(42) ,49(2)
kl: 49 , 7(43) ,49(2)
kl: 49 , 7(39) ,49(2)
kl: 49 , 7(46) ,49(2)
kl: 49 , 7(45) ,49(2)
kl: 50 , 2(45) ,50(2)
kl: 50 , 2(47) ,50(2)
kl: 50 , 2(46) ,50(2)
kl: 50 , 2(45) ,50(2)
kl: 50 , 2(49) ,50(2)
kl: 50 , 2(47) ,50(2)
kl: 50 , 2(46) ,50(2)
kl: 50 , 2(44) ,50(2)
kl: 50 , 2(48) ,50(2)
kl: 50 , 2(47) ,50(2)
kl: 51 , 3(46) ,51(0)
kl: 51 , 3(49) ,51(0)
kl: 51 , 3(46) ,51(0)
kl: 51 , 3(45) ,51(0)
kl: 51 , 3(45) ,51(0)
kl: 51 , 3(48) ,51(0)
kl: 51 , 3(45) ,51(0)
kl: 51 , 3(48) ,51(0)
kl: 51 , 3(47) ,51(0)
kl: 51 , 3(47) ,51(0)
kl: 52 , 2(52) ,52(0)
kl: 52 , 2(51) ,52(0)
kl: 52 , 2(50) ,52(0)
kl: 52 , 2(49) ,52(0)
kl: 52 , 2(51) ,52(0)
kl: 52 , 2(51) ,52(0)
kl: 52 , 2(48) ,52(0)
kl: 52 , 2(47) ,52(0)
kl: 52 , 2(44) ,52(0)
kl: 52 , 2(49) ,52(0)
kl: 53 , 53(0) ,53(0)
kl: 53 , 53(0) ,53(0)
kl: 53 , 53(0) ,53(0)
kl: 53 , 53(0) ,53(0)
kl: 53 , 53(0) ,53(0)
kl: 53 , 53(0) ,53(0)
kl: 53 , 53(0) ,53(0)
kl: 53 , 53(0) ,53(0)
kl: 53 , 53(0) ,53(0)
kl: 53 , 53(0) ,53(0)
kl: 54 , 2(51) ,54(3)
kl: 54 , 2(48) ,54(3)
kl: 54 , 2(51) ,54(3)
kl: 54 , 2(49) ,54(3)
kl: 54 , 2(46) ,54(3)
kl: 54 , 2(50) ,54(3)
kl: 54 , 2(51) ,54(3)
kl: 54 , 2(47) ,54(3)
kl: 54 , 2(47) ,54(3)
kl: 54 , 2(54) ,54(3)
kl: 55 , 5(50) ,55(1)
kl: 55 , 5(49) ,55(1)
kl: 55 , 5(52) ,55(1)
kl: 55 , 5(49) ,55(1)
kl: 55 , 5(49) ,55(1)
kl: 55 , 5(47) ,55(1)
kl: 55 , 5(48) ,55(1)
kl: 55 , 5(47) ,55(1)
kl: 55 , 5(52) ,55(1)
kl: 55 , 5(49) ,55(1)
kl: 56 , 2(49) ,56(0)
kl: 56 , 2(51) ,56(0)
kl: 56 , 2(51) ,56(0)
kl: 56 , 2(53) ,56(0)
kl: 56 , 2(53) ,56(0)
kl: 56 , 2(53) ,56(0)
kl: 56 , 2(52) ,56(0)
kl: 56 , 2(52) ,56(0)
kl: 56 , 2(52) ,56(0)
kl: 56 , 2(52) ,56(0)
kl: 57 , 3(55) ,57(0)
kl: 57 , 3(55) ,57(0)
kl: 57 , 3(54) ,57(0)
kl: 57 , 3(49) ,57(0)
kl: 57 , 3(52) ,57(0)
kl: 57 , 3(51) ,57(0)
kl: 57 , 3(53) ,57(0)
kl: 57 , 3(54) ,57(0)
kl: 57 , 3(51) ,57(0)
kl: 57 , 3(54) ,57(0)
kl: 58 , 2(53) ,58(2)
kl: 58 , 2(54) ,58(2)
kl: 58 , 2(53) ,58(2)
kl: 58 , 2(52) ,58(2)
kl: 58 , 2(56) ,58(2)
kl: 58 , 2(56) ,58(2)
kl: 58 , 2(51) ,58(2)
kl: 58 , 2(56) ,58(2)
kl: 58 , 2(54) ,58(2)
kl: 58 , 2(55) ,58(2)
kl: 59 , 59(2) ,59(2)
kl: 59 , 59(2) ,59(2)
kl: 59 , 59(2) ,59(2)
kl: 59 , 59(2) ,59(2)
kl: 59 , 59(2) ,59(2)
kl: 59 , 59(2) ,59(2)
kl: 59 , 59(2) ,59(2)
kl: 59 , 59(2) ,59(2)
kl: 59 , 59(2) ,59(2)
kl: 59 , 59(2) ,59(2)
kl: 60 , 2(55) ,30(47)
kl: 60 , 2(51) ,30(42)
kl: 60 , 2(51) ,30(38)
kl: 60 , 2(59) ,30(46)
kl: 60 , 2(51) ,30(49)
kl: 60 , 2(55) ,30(45)
kl: 60 , 2(57) ,30(45)
kl: 60 , 2(57) ,30(40)
kl: 60 , 2(53) ,30(47)
kl: 60 , 2(58) ,30(45)

average letter accuracy: 30.64%
average length accuracy: 71.66%
['0%', '0%', '0%', '75.0%', '0%', '88.33%', '0%', '85.0%', '86.66%', '91.0%', '0%', '81.66%', '0%', '89.28%', '89.33%', '90.0%', '0%', '91.11%', '0%', '91.5%', '86.19%', '91.81%', '0%', '89.58%', '86.0%', '88.84%', '89.62%', '89.64%', '0%', '94.66%', '0%', '92.81%', '90.60%', '92.94%', '88.85%', '94.16%', '0%', '92.63%', '92.05%', '91.5%', '2.439%', '91.66%', '0%', '93.63%', '91.33%', '90.0%', '0%', '91.04%', '88.57%', '92.80%', '91.37%', '94.61%', '0%', '91.48%', '89.45%', '92.5%', '92.63%', '93.10%', '3.389%', '91.16%']

average letter accuracy: 96.10%
average length accuracy: 34.66%
['0%', '0%', '0%', '0%', '0%', '0%', '0%', '0%', '0%', '0%', '0%', '0%', '0%', '0%', '0%', '0%', '0%', '0%', '4.736%', '0%', '0%', '0%', '0%', '4.166%', '0%', '0%', '11.11%', '0%', '3.448%', '0%', '0%', '0%', '0%', '0%', '2.857%', '2.777%', '0%', '2.631%', '0%', '0%', '2.439%', '2.380%', '0%', '0%', '0%', '2.173%', '0%', '6.25%', '4.081%', '4.0%', '0%', '0%', '0%', '5.555%', '1.818%', '0%', '0%', '3.448%', '3.389%', '74.0%']

[KASISKI EXAMINATION]
Jekyll & Hyde

[Finished in 269.4s]