kl: 1 , 2(0) ,8(0)
kl: 1 , 2(0) ,8(0)
kl: 1 , 2(0) ,8(0)
kl: 1 , 2(0) ,8(0)
kl: 1 , 2(0) ,8(0)
kl: 1 , 2(0) ,8(0)
kl: 1 , 2(0) ,8(0)
kl: 1 , 2(0) ,8(0)
kl: 1 , 2(0) ,8(0)
kl: 1 , 2(0) ,8(0)
kl: 2 , 2(0) ,14(0)
kl: 2 , 2(0) ,14(0)
kl: 2 , 2(0) ,14(0)
kl: 2 , 2(0) ,14(0)
kl: 2 , 2(0) ,14(0)
kl: 2 , 2(0) ,14(0)
kl: 2 , 2(0) ,14(0)
kl: 2 , 2(0) ,14(0)
kl: 2 , 2(0) ,14(0)
kl: 2 , 2(0) ,14(0)
kl: 3 , 3(0) ,12(0)
kl: 3 , 3(0) ,12(0)
kl: 3 , 3(0) ,12(0)
kl: 3 , 3(0) ,12(0)
kl: 3 , 3(0) ,12(0)
kl: 3 , 3(0) ,12(0)
kl: 3 , 3(0) ,12(0)
kl: 3 , 3(0) ,12(0)
kl: 3 , 3(0) ,12(0)
kl: 3 , 3(0) ,12(0)
kl: 4 , 2(3) ,8(0)
kl: 4 , 2(3) ,8(0)
kl: 4 , 2(3) ,8(0)
kl: 4 , 2(2) ,8(0)
kl: 4 , 2(3) ,8(0)
kl: 4 , 2(2) ,8(0)
kl: 4 , 2(2) ,8(0)
kl: 4 , 2(4) ,8(0)
kl: 4 , 2(2) ,8(0)
kl: 4 , 2(3) ,8(0)
kl: 5 , 5(0) ,30(0)
kl: 5 , 5(0) ,30(0)
kl: 5 , 5(0) ,30(0)
kl: 5 , 5(0) ,30(0)
kl: 5 , 5(0) ,30(0)
kl: 5 , 5(0) ,30(0)
kl: 5 , 5(0) ,30(0)
kl: 5 , 5(0) ,30(0)
kl: 5 , 5(0) ,30(0)
kl: 5 , 5(0) ,30(0)
kl: 6 , 2(4) ,24(0)
kl: 6 , 2(5) ,24(0)
kl: 6 , 2(6) ,24(0)
kl: 6 , 2(5) ,24(0)
kl: 6 , 2(5) ,24(0)
kl: 6 , 2(6) ,24(0)
kl: 6 , 2(5) ,24(0)
kl: 6 , 2(6) ,24(0)
kl: 6 , 2(4) ,24(0)
kl: 6 , 2(5) ,24(0)
kl: 7 , 7(0) ,28(0)
kl: 7 , 7(0) ,28(0)
kl: 7 , 7(0) ,28(0)
kl: 7 , 7(0) ,28(0)
kl: 7 , 7(0) ,28(0)
kl: 7 , 7(0) ,28(0)
kl: 7 , 7(0) ,28(0)
kl: 7 , 7(0) ,28(0)
kl: 7 , 7(0) ,28(0)
kl: 7 , 7(0) ,28(0)
kl: 8 , 2(5) ,24(0)
kl: 8 , 2(7) ,24(0)
kl: 8 , 2(8) ,24(0)
kl: 8 , 2(8) ,24(0)
kl: 8 , 2(5) ,24(0)
kl: 8 , 2(8) ,24(0)
kl: 8 , 2(8) ,24(0)
kl: 8 , 2(7) ,24(0)
kl: 8 , 2(8) ,24(0)
kl: 8 , 2(7) ,24(0)
kl: 9 , 3(7) ,18(0)
kl: 9 , 3(8) ,18(0)
kl: 9 , 3(8) ,9(0)
kl: 9 , 3(9) ,9(0)
kl: 9 , 3(8) ,9(0)
kl: 9 , 3(5) ,9(0)
kl: 9 , 3(7) ,9(0)
kl: 9 , 3(7) ,9(0)
kl: 9 , 3(4) ,9(0)
kl: 9 , 3(7) ,18(0)
kl: 10 , 2(10) ,20(0)
kl: 10 , 2(8) ,30(0)
kl: 10 , 2(9) ,20(0)
kl: 10 , 2(8) ,20(0)
kl: 10 , 2(7) ,20(0)
kl: 10 , 2(7) ,20(0)
kl: 10 , 2(8) ,30(0)
kl: 10 , 2(10) ,20(0)
kl: 10 , 2(8) ,30(0)
kl: 10 , 2(7) ,20(0)
kl: 11 , 11(0) ,44(0)
kl: 11 , 11(0) ,44(0)
kl: 11 , 11(0) ,44(0)
kl: 11 , 11(0) ,44(0)
kl: 11 , 11(0) ,44(0)
kl: 11 , 11(0) ,44(0)
kl: 11 , 11(0) ,44(0)
kl: 11 , 11(0) ,44(0)
kl: 11 , 11(0) ,44(0)
kl: 11 , 11(0) ,44(0)
kl: 12 , 2(9) ,24(0)
kl: 12 , 2(9) ,24(0)
kl: 12 , 2(12) ,24(0)
kl: 12 , 2(10) ,24(0)
kl: 12 , 2(11) ,24(0)
kl: 12 , 2(8) ,24(0)
kl: 12 , 2(8) ,24(0)
kl: 12 , 2(9) ,24(0)
kl: 12 , 2(9) ,24(0)
kl: 12 , 2(12) ,24(0)
kl: 13 , 13(0) ,13(0)
kl: 13 , 13(0) ,13(0)
kl: 13 , 13(0) ,13(0)
kl: 13 , 13(0) ,13(0)
kl: 13 , 13(0) ,13(0)
kl: 13 , 13(0) ,13(0)
kl: 13 , 13(0) ,13(0)
kl: 13 , 13(0) ,13(0)
kl: 13 , 13(0) ,13(0)
kl: 13 , 13(0) ,13(0)
kl: 14 , 2(12) ,42(0)
kl: 14 , 2(14) ,42(0)
kl: 14 , 2(14) ,42(0)
kl: 14 , 2(14) ,28(0)
kl: 14 , 2(12) ,42(0)
kl: 14 , 2(12) ,42(0)
kl: 14 , 2(14) ,42(0)
kl: 14 , 2(14) ,42(0)
kl: 14 , 2(12) ,42(0)
kl: 14 , 2(13) ,42(0)
kl: 15 , 3(12) ,30(0)
kl: 15 , 3(14) ,30(0)
kl: 15 , 3(11) ,30(0)
kl: 15 , 3(15) ,30(0)
kl: 15 , 3(12) ,30(0)
kl: 15 , 3(12) ,30(0)
kl: 15 , 3(12) ,30(0)
kl: 15 , 3(11) ,30(0)
kl: 15 , 3(12) ,30(0)
kl: 15 , 3(12) ,30(0)
kl: 16 , 2(13) ,48(0)
kl: 16 , 2(14) ,48(0)
kl: 16 , 2(11) ,48(0)
kl: 16 , 2(15) ,48(0)
kl: 16 , 2(14) ,48(0)
kl: 16 , 2(14) ,48(0)
kl: 16 , 2(15) ,48(0)
kl: 16 , 2(13) ,48(0)
kl: 16 , 2(12) ,48(0)
kl: 16 , 2(14) ,48(0)
kl: 17 , 17(0) ,34(0)
kl: 17 , 17(0) ,34(0)
kl: 17 , 17(0) ,34(0)
kl: 17 , 17(0) ,34(0)
kl: 17 , 17(0) ,34(0)
kl: 17 , 17(0) ,34(0)
kl: 17 , 17(0) ,34(0)
kl: 17 , 17(0) ,34(0)
kl: 17 , 17(0) ,34(0)
kl: 17 , 17(0) ,34(0)
kl: 18 , 2(16) ,18(0)
kl: 18 , 2(15) ,18(0)
kl: 18 , 2(14) ,18(0)
kl: 18 , 2(16) ,18(0)
kl: 18 , 2(15) ,18(0)
kl: 18 , 2(16) ,18(0)
kl: 18 , 2(12) ,18(0)
kl: 18 , 2(17) ,18(0)
kl: 18 , 2(17) ,18(0)
kl: 18 , 2(18) ,18(0)
kl: 19 , 19(0) ,57(0)
kl: 19 , 19(0) ,57(0)
kl: 19 , 19(0) ,57(0)
kl: 19 , 19(0) ,57(0)
kl: 19 , 19(0) ,57(0)
kl: 19 , 19(0) ,57(0)
kl: 19 , 19(0) ,57(0)
kl: 19 , 19(0) ,57(0)
kl: 19 , 19(0) ,57(0)
kl: 19 , 19(0) ,57(0)
kl: 20 , 2(16) ,40(0)
kl: 20 , 2(20) ,40(0)
kl: 20 , 2(19) ,40(0)
kl: 20 , 2(18) ,40(0)
kl: 20 , 2(16) ,40(0)
kl: 20 , 2(20) ,40(0)
kl: 20 , 2(18) ,40(0)
kl: 20 , 2(20) ,40(0)
kl: 20 , 2(18) ,40(0)
kl: 20 , 2(17) ,40(0)
kl: 21 , 3(16) ,42(0)
kl: 21 , 3(19) ,42(0)
kl: 21 , 3(16) ,42(0)
kl: 21 , 3(19) ,42(0)
kl: 21 , 3(18) ,42(0)
kl: 21 , 3(18) ,42(0)
kl: 21 , 3(19) ,42(0)
kl: 21 , 3(20) ,42(0)
kl: 21 , 3(18) ,42(0)
kl: 21 , 3(19) ,42(0)
kl: 22 , 2(20) ,44(0)
kl: 22 , 2(19) ,44(0)
kl: 22 , 2(19) ,44(0)
kl: 22 , 2(20) ,44(0)
kl: 22 , 2(21) ,44(0)
kl: 22 , 2(20) ,44(0)
kl: 22 , 2(18) ,44(0)
kl: 22 , 2(20) ,44(0)
kl: 22 , 2(22) ,44(0)
kl: 22 , 2(21) ,44(0)
kl: 23 , 23(0) ,46(0)
kl: 23 , 23(0) ,46(0)
kl: 23 , 23(0) ,46(0)
kl: 23 , 23(0) ,46(0)
kl: 23 , 23(0) ,46(0)
kl: 23 , 23(0) ,46(0)
kl: 23 , 23(0) ,46(0)
kl: 23 , 23(0) ,46(0)
kl: 23 , 23(0) ,46(0)
kl: 23 , 23(0) ,46(0)
kl: 24 , 2(23) ,48(0)
kl: 24 , 2(23) ,48(0)
kl: 24 , 2(24) ,48(0)
kl: 24 , 2(20) ,48(0)
kl: 24 , 2(20) ,48(0)
kl: 24 , 2(21) ,48(0)
kl: 24 , 2(21) ,48(0)
kl: 24 , 2(22) ,48(0)
kl: 24 , 2(23) ,48(0)
kl: 24 , 2(22) ,48(0)
kl: 25 , 5(23) ,25(0)
kl: 25 , 5(18) ,25(0)
kl: 25 , 5(20) ,25(0)
kl: 25 , 5(22) ,25(0)
kl: 25 , 5(23) ,25(0)
kl: 25 , 5(21) ,25(0)
kl: 25 , 5(22) ,25(0)
kl: 25 , 5(22) ,25(0)
kl: 25 , 5(22) ,25(0)
kl: 25 , 5(22) ,25(0)
kl: 26 , 2(23) ,26(0)
kl: 26 , 2(24) ,26(0)
kl: 26 , 2(25) ,26(0)
kl: 26 , 2(24) ,26(0)
kl: 26 , 2(26) ,26(0)
kl: 26 , 2(22) ,26(0)
kl: 26 , 2(25) ,26(0)
kl: 26 , 2(23) ,26(0)
kl: 26 , 2(26) ,26(0)
kl: 26 , 2(24) ,26(0)
kl: 27 , 3(27) ,27(0)
kl: 27 , 3(26) ,27(0)
kl: 27 , 3(26) ,27(0)
kl: 27 , 3(26) ,27(0)
kl: 27 , 3(27) ,27(0)
kl: 27 , 3(26) ,27(0)
kl: 27 , 3(27) ,27(0)
kl: 27 , 3(26) ,27(0)
kl: 27 , 3(21) ,27(0)
kl: 27 , 3(26) ,27(0)
kl: 28 , 2(25) ,56(0)
kl: 28 , 2(26) ,56(0)
kl: 28 , 2(24) ,56(0)
kl: 28 , 2(25) ,56(0)
kl: 28 , 2(26) ,56(0)
kl: 28 , 2(28) ,56(0)
kl: 28 , 2(25) ,56(0)
kl: 28 , 2(27) ,56(0)
kl: 28 , 2(28) ,56(0)
kl: 28 , 2(28) ,56(0)
kl: 29 , 29(0) ,58(0)
kl: 29 , 29(0) ,58(0)
kl: 29 , 29(0) ,58(0)
kl: 29 , 29(0) ,58(0)
kl: 29 , 29(0) ,58(0)
kl: 29 , 29(0) ,58(0)
kl: 29 , 29(0) ,58(0)
kl: 29 , 29(0) ,58(0)
kl: 29 , 29(0) ,58(0)
kl: 29 , 29(0) ,58(0)
kl: 30 , 2(28) ,30(0)
kl: 30 , 2(29) ,30(0)
kl: 30 , 2(29) ,30(0)
kl: 30 , 2(27) ,30(0)
kl: 30 , 2(28) ,30(0)
kl: 30 , 2(28) ,30(0)
kl: 30 , 2(26) ,30(0)
kl: 30 , 2(28) ,30(0)
kl: 30 , 2(28) ,30(0)
kl: 30 , 2(29) ,30(0)
kl: 31 , 31(0) ,31(0)
kl: 31 , 31(0) ,31(0)
kl: 31 , 31(0) ,31(0)
kl: 31 , 31(0) ,31(0)
kl: 31 , 31(0) ,31(0)
kl: 31 , 31(0) ,31(0)
kl: 31 , 31(0) ,31(0)
kl: 31 , 31(0) ,31(0)
kl: 31 , 31(0) ,31(0)
kl: 31 , 31(0) ,31(0)
kl: 32 , 2(29) ,32(0)
kl: 32 , 2(31) ,32(0)
kl: 32 , 2(27) ,32(0)
kl: 32 , 2(29) ,32(0)
kl: 32 , 2(26) ,32(0)
kl: 32 , 2(29) ,32(0)
kl: 32 , 2(28) ,32(0)
kl: 32 , 2(30) ,32(0)
kl: 32 , 2(31) ,32(0)
kl: 32 , 2(30) ,32(0)
kl: 33 , 3(32) ,33(0)
kl: 33 , 3(31) ,33(0)
kl: 33 , 3(29) ,33(0)
kl: 33 , 3(28) ,33(0)
kl: 33 , 3(29) ,33(0)
kl: 33 , 3(31) ,33(0)
kl: 33 , 3(29) ,33(0)
kl: 33 , 3(32) ,33(0)
kl: 33 , 3(28) ,33(0)
kl: 33 , 3(29) ,33(0)
kl: 34 , 2(31) ,34(0)
kl: 34 , 2(32) ,34(0)
kl: 34 , 2(32) ,34(0)
kl: 34 , 2(33) ,34(0)
kl: 34 , 2(33) ,34(0)
kl: 34 , 2(32) ,34(0)
kl: 34 , 2(34) ,34(0)
kl: 34 , 2(31) ,34(0)
kl: 34 , 2(30) ,34(0)
kl: 34 , 2(34) ,34(0)
kl: 35 , 5(28) ,35(0)
kl: 35 , 5(30) ,35(0)
kl: 35 , 5(32) ,35(0)
kl: 35 , 5(30) ,35(0)
kl: 35 , 5(32) ,35(0)
kl: 35 , 5(34) ,35(0)
kl: 35 , 5(32) ,35(0)
kl: 35 , 5(30) ,35(0)
kl: 35 , 5(31) ,35(0)
kl: 35 , 5(32) ,35(0)
kl: 36 , 2(33) ,36(0)
kl: 36 , 2(33) ,36(0)
kl: 36 , 2(35) ,36(0)
kl: 36 , 2(34) ,36(0)
kl: 36 , 2(36) ,36(0)
kl: 36 , 2(32) ,36(0)
kl: 36 , 2(35) ,36(0)
kl: 36 , 2(35) ,36(0)
kl: 36 , 2(30) ,36(0)
kl: 36 , 2(31) ,36(0)
kl: 37 , 37(0) ,37(0)
kl: 37 , 37(0) ,37(0)
kl: 37 , 37(0) ,37(0)
kl: 37 , 37(0) ,37(0)
kl: 37 , 37(0) ,37(0)
kl: 37 , 37(0) ,37(0)
kl: 37 , 37(0) ,37(0)
kl: 37 , 37(0) ,37(0)
kl: 37 , 37(0) ,37(0)
kl: 37 , 37(0) ,37(0)
kl: 38 , 2(36) ,38(0)
kl: 38 , 2(36) ,38(0)
kl: 38 , 2(36) ,38(0)
kl: 38 , 2(34) ,38(0)
kl: 38 , 2(33) ,38(0)
kl: 38 , 2(35) ,38(0)
kl: 38 , 2(36) ,38(0)
kl: 38 , 2(33) ,38(0)
kl: 38 , 2(35) ,38(0)
kl: 38 , 2(36) ,38(0)
kl: 39 , 3(39) ,39(0)
kl: 39 , 3(37) ,39(0)
kl: 39 , 3(33) ,39(0)
kl: 39 , 3(37) ,39(0)
kl: 39 , 3(39) ,39(0)
kl: 39 , 3(34) ,39(0)
kl: 39 , 3(34) ,39(0)
kl: 39 , 3(37) ,39(0)
kl: 39 , 3(34) ,39(0)
kl: 39 , 3(36) ,39(0)
kl: 40 , 2(34) ,40(0)
kl: 40 , 2(36) ,40(0)
kl: 40 , 2(37) ,40(0)
kl: 40 , 2(38) ,40(0)
kl: 40 , 2(36) ,40(0)
kl: 40 , 2(35) ,40(0)
kl: 40 , 2(38) ,40(0)
kl: 40 , 2(35) ,40(0)
kl: 40 , 2(39) ,40(0)
kl: 40 , 2(39) ,40(0)
kl: 41 , 41(0) ,41(0)
kl: 41 , 41(0) ,41(0)
kl: 41 , 41(0) ,41(0)
kl: 41 , 41(0) ,41(0)
kl: 41 , 41(0) ,41(0)
kl: 41 , 41(0) ,41(0)
kl: 41 , 41(0) ,41(0)
kl: 41 , 41(0) ,41(0)
kl: 41 , 41(0) ,41(0)
kl: 41 , 41(0) ,41(0)
kl: 42 , 2(40) ,42(0)
kl: 42 , 2(39) ,42(0)
kl: 42 , 2(37) ,42(0)
kl: 42 , 2(38) ,42(0)
kl: 42 , 2(39) ,42(0)
kl: 42 , 2(35) ,42(0)
kl: 42 , 2(40) ,42(0)
kl: 42 , 2(42) ,42(0)
kl: 42 , 2(40) ,42(0)
kl: 42 , 2(34) ,42(0)
kl: 43 , 43(0) ,43(0)
kl: 43 , 43(0) ,43(0)
kl: 43 , 43(0) ,43(0)
kl: 43 , 43(0) ,43(0)
kl: 43 , 43(0) ,43(0)
kl: 43 , 43(0) ,43(0)
kl: 43 , 43(0) ,43(0)
kl: 43 , 43(0) ,43(0)
kl: 43 , 43(0) ,43(0)
kl: 43 , 43(0) ,43(0)
kl: 44 , 2(43) ,44(0)
kl: 44 , 2(41) ,44(0)
kl: 44 , 2(42) ,44(0)
kl: 44 , 2(42) ,44(0)
kl: 44 , 2(43) ,44(0)
kl: 44 , 2(43) ,44(0)
kl: 44 , 2(43) ,44(0)
kl: 44 , 2(40) ,44(0)
kl: 44 , 2(40) ,44(0)
kl: 44 , 2(43) ,44(0)
kl: 45 , 3(42) ,45(0)
kl: 45 , 3(38) ,45(0)
kl: 45 , 3(38) ,45(0)
kl: 45 , 3(39) ,45(0)
kl: 45 , 3(39) ,45(0)
kl: 45 , 3(40) ,45(0)
kl: 45 , 3(36) ,45(0)
kl: 45 , 3(41) ,45(0)
kl: 45 , 3(41) ,45(0)
kl: 45 , 3(43) ,45(0)
kl: 46 , 2(43) ,46(0)
kl: 46 , 2(43) ,46(0)
kl: 46 , 2(43) ,46(0)
kl: 46 , 2(44) ,46(0)
kl: 46 , 2(44) ,46(0)
kl: 46 , 2(42) ,46(0)
kl: 46 , 2(45) ,46(0)
kl: 46 , 2(45) ,46(0)
kl: 46 , 2(44) ,46(0)
kl: 46 , 2(44) ,46(0)
kl: 47 , 47(0) ,47(0)
kl: 47 , 47(0) ,47(0)
kl: 47 , 47(0) ,47(0)
kl: 47 , 47(0) ,47(0)
kl: 47 , 47(0) ,47(0)
kl: 47 , 47(0) ,47(0)
kl: 47 , 47(0) ,47(0)
kl: 47 , 47(0) ,47(0)
kl: 47 , 47(0) ,47(0)
kl: 47 , 47(0) ,47(0)
kl: 48 , 2(43) ,48(0)
kl: 48 , 2(43) ,48(0)
kl: 48 , 2(46) ,48(0)
kl: 48 , 2(44) ,48(0)
kl: 48 , 2(46) ,48(0)
kl: 48 , 2(45) ,48(0)
kl: 48 , 2(44) ,48(0)
kl: 48 , 2(46) ,48(0)
kl: 48 , 2(44) ,48(0)
kl: 48 , 2(45) ,48(0)
kl: 49 , 7(44) ,49(0)
kl: 49 , 7(47) ,49(0)
kl: 49 , 7(45) ,49(0)
kl: 49 , 7(47) ,49(0)
kl: 49 , 7(42) ,49(0)
kl: 49 , 7(43) ,49(0)
kl: 49 , 7(43) ,49(0)
kl: 49 , 7(43) ,49(0)
kl: 49 , 7(39) ,49(0)
kl: 49 , 7(43) ,49(0)
kl: 50 , 2(48) ,50(0)
kl: 50 , 2(46) ,50(0)
kl: 50 , 2(48) ,50(0)
kl: 50 , 2(48) ,50(0)
kl: 50 , 2(44) ,50(0)
kl: 50 , 2(47) ,50(0)
kl: 50 , 2(45) ,50(0)
kl: 50 , 2(49) ,50(0)
kl: 50 , 2(44) ,50(0)
kl: 50 , 2(46) ,50(0)
kl: 51 , 3(46) ,51(0)
kl: 51 , 3(48) ,51(0)
kl: 51 , 3(48) ,51(0)
kl: 51 , 3(48) ,51(0)
kl: 51 , 3(46) ,51(0)
kl: 51 , 3(47) ,51(0)
kl: 51 , 3(48) ,51(0)
kl: 51 , 3(45) ,51(0)
kl: 51 , 3(48) ,51(0)
kl: 51 , 3(47) ,51(0)
kl: 52 , 2(43) ,52(0)
kl: 52 , 2(49) ,52(0)
kl: 52 , 2(51) ,52(0)
kl: 52 , 2(47) ,52(0)
kl: 52 , 2(48) ,52(0)
kl: 52 , 2(48) ,52(0)
kl: 52 , 2(48) ,52(0)
kl: 52 , 2(49) ,52(0)
kl: 52 , 2(51) ,52(0)
kl: 52 , 2(49) ,52(0)
kl: 53 , 53(0) ,53(0)
kl: 53 , 53(0) ,53(0)
kl: 53 , 53(0) ,53(0)
kl: 53 , 53(0) ,53(0)
kl: 53 , 53(0) ,53(0)
kl: 53 , 53(0) ,53(0)
kl: 53 , 53(0) ,53(0)
kl: 53 , 53(0) ,53(0)
kl: 53 , 53(0) ,53(0)
kl: 53 , 53(0) ,53(0)
kl: 54 , 2(54) ,54(0)
kl: 54 , 2(52) ,54(0)
kl: 54 , 2(49) ,54(0)
kl: 54 , 2(48) ,54(0)
kl: 54 , 2(50) ,54(0)
kl: 54 , 2(53) ,54(0)
kl: 54 , 2(53) ,54(0)
kl: 54 , 2(51) ,54(0)
kl: 54 , 2(51) ,54(0)
kl: 54 , 2(48) ,54(0)
kl: 55 , 5(53) ,55(0)
kl: 55 , 5(52) ,55(0)
kl: 55 , 5(49) ,55(0)
kl: 55 , 5(51) ,55(0)
kl: 55 , 5(50) ,55(0)
kl: 55 , 5(48) ,55(0)
kl: 55 , 5(54) ,55(0)
kl: 55 , 5(49) ,55(0)
kl: 55 , 5(50) ,55(0)
kl: 55 , 5(51) ,55(0)
kl: 56 , 2(54) ,56(0)
kl: 56 , 2(55) ,56(0)
kl: 56 , 2(55) ,56(0)
kl: 56 , 2(55) ,56(0)
kl: 56 , 2(52) ,56(0)
kl: 56 , 2(52) ,56(0)
kl: 56 , 2(54) ,56(0)
kl: 56 , 2(52) ,56(0)
kl: 56 , 2(55) ,56(0)
kl: 56 , 2(51) ,56(0)
kl: 57 , 3(54) ,57(0)
kl: 57 , 3(53) ,57(0)
kl: 57 , 3(52) ,57(0)
kl: 57 , 3(51) ,57(0)
kl: 57 , 3(55) ,57(0)
kl: 57 , 3(52) ,57(0)
kl: 57 , 3(53) ,57(0)
kl: 57 , 3(55) ,57(0)
kl: 57 , 3(54) ,57(0)
kl: 57 , 3(53) ,57(0)
kl: 58 , 2(54) ,58(0)
kl: 58 , 2(56) ,58(0)
kl: 58 , 2(57) ,58(0)
kl: 58 , 2(55) ,58(0)
kl: 58 , 2(54) ,58(0)
kl: 58 , 2(56) ,58(0)
kl: 58 , 2(55) ,58(0)
kl: 58 , 2(55) ,58(0)
kl: 58 , 2(55) ,58(0)
kl: 58 , 2(56) ,58(0)
kl: 59 , 59(0) ,59(0)
kl: 59 , 59(0) ,59(0)
kl: 59 , 59(0) ,59(0)
kl: 59 , 59(0) ,59(0)
kl: 59 , 59(0) ,59(0)
kl: 59 , 59(0) ,59(0)
kl: 59 , 59(0) ,59(0)
kl: 59 , 59(0) ,59(0)
kl: 59 , 59(0) ,59(0)
kl: 59 , 59(0) ,59(0)
kl: 60 , 2(57) ,30(39)
kl: 60 , 2(55) ,30(43)
kl: 60 , 2(59) ,30(42)
kl: 60 , 2(57) ,30(46)
kl: 60 , 2(54) ,30(43)
kl: 60 , 2(55) ,30(42)
kl: 60 , 2(53) ,30(42)
kl: 60 , 2(51) ,30(48)
kl: 60 , 2(56) ,30(43)
kl: 60 , 2(54) ,30(48)

average letter accuracy: 30.37%
average length accuracy: 71.66%
['0%', '0%', '0%', '67.5%', '0%', '85.0%', '0%', '88.75%', '77.77%', '82.0%', '0%', '80.83%', '0%', '93.57%', '82.0%', '84.37%', '0%', '86.66%', '0%', '91.0%', '86.66%', '90.90%', '0%', '91.25%', '86.0%', '93.07%', '95.55%', '93.57%', '0%', '93.33%', '0%', '90.62%', '90.30%', '94.70%', '88.85%', '92.77%', '0%', '92.10%', '92.30%', '91.75%', '0%', '91.42%', '0%', '95.45%', '88.22%', '95.0%', '0%', '92.91%', '88.97%', '93.0%', '92.35%', '92.88%', '0%', '94.25%', '92.18%', '95.53%', '93.33%', '95.34%', '0%', '91.83%']

average letter accuracy: 97.61%
average length accuracy: 40.5%
['0%', '0%', '0%', '0%', '0%', '0%', '0%', '0%', '0%', '0%', '0%', '0%', '0%', '0%', '0%', '0%', '0%', '0%', '0%', '0%', '0%', '0%', '0%', '0%', '0%', '0%', '0%', '0%', '0%', '0%', '0%', '0%', '0%', '0%', '0%', '0%', '0%', '0%', '0%', '0%', '0%', '0%', '0%', '0%', '0%', '0%', '0%', '0%', '0%', '0%', '0%', '0%', '0%', '0%', '0%', '0%', '0%', '0%', '0%', '72.66%']

[KASISKI EXAMINATION]
The Modern Prometheus

[Finished in 1891.9s]