kl: 1 , 2(0) ,12(0)
kl: 1 , 2(0) ,12(0)
kl: 1 , 2(0) ,12(0)
kl: 1 , 2(0) ,12(0)
kl: 1 , 2(0) ,12(0)
kl: 1 , 2(0) ,12(0)
kl: 1 , 2(0) ,12(0)
kl: 1 , 2(0) ,12(0)
kl: 1 , 2(0) ,12(0)
kl: 1 , 2(0) ,12(0)
kl: 2 , 2(0) ,12(0)
kl: 2 , 2(0) ,12(0)
kl: 2 , 2(0) ,12(0)
kl: 2 , 2(0) ,12(0)
kl: 2 , 2(0) ,12(0)
kl: 2 , 2(0) ,12(0)
kl: 2 , 2(0) ,12(0)
kl: 2 , 2(0) ,12(0)
kl: 2 , 2(0) ,12(0)
kl: 2 , 2(0) ,12(0)
kl: 3 , 3(0) ,12(0)
kl: 3 , 3(0) ,12(0)
kl: 3 , 3(0) ,12(0)
kl: 3 , 3(0) ,12(0)
kl: 3 , 3(0) ,12(0)
kl: 3 , 3(0) ,12(0)
kl: 3 , 3(0) ,12(0)
kl: 3 , 3(0) ,12(0)
kl: 3 , 3(0) ,12(0)
kl: 3 , 3(0) ,12(0)
kl: 4 , 2(4) ,20(1)
kl: 4 , 2(3) ,20(1)
kl: 4 , 2(3) ,20(1)
kl: 4 , 2(3) ,20(1)
kl: 4 , 2(4) ,20(1)
kl: 4 , 2(3) ,20(1)
kl: 4 , 2(3) ,20(1)
kl: 4 , 2(3) ,20(1)
kl: 4 , 2(3) ,20(1)
kl: 4 , 2(3) ,20(1)
kl: 5 , 5(0) ,15(1)
kl: 5 , 5(0) ,15(1)
kl: 5 , 5(0) ,15(1)
kl: 5 , 5(0) ,15(1)
kl: 5 , 5(0) ,15(1)
kl: 5 , 5(0) ,15(1)
kl: 5 , 5(0) ,15(1)
kl: 5 , 5(0) ,15(1)
kl: 5 , 5(0) ,15(1)
kl: 5 , 5(0) ,15(1)
kl: 6 , 2(5) ,24(2)
kl: 6 , 2(4) ,24(2)
kl: 6 , 2(5) ,24(2)
kl: 6 , 2(5) ,24(2)
kl: 6 , 2(4) ,24(2)
kl: 6 , 2(6) ,24(2)
kl: 6 , 3(4) ,24(2)
kl: 6 , 2(4) ,24(2)
kl: 6 , 2(6) ,24(2)
kl: 6 , 2(5) ,24(2)
kl: 7 , 7(0) ,28(0)
kl: 7 , 7(0) ,28(0)
kl: 7 , 7(0) ,28(0)
kl: 7 , 7(0) ,28(0)
kl: 7 , 7(0) ,28(0)
kl: 7 , 7(0) ,28(0)
kl: 7 , 7(0) ,28(0)
kl: 7 , 7(0) ,28(0)
kl: 7 , 7(0) ,28(0)
kl: 7 , 7(0) ,28(0)
kl: 8 , 2(8) ,32(1)
kl: 8 , 2(5) ,32(1)
kl: 8 , 2(6) ,32(1)
kl: 8 , 2(5) ,32(1)
kl: 8 , 2(6) ,32(1)
kl: 8 , 2(7) ,32(1)
kl: 8 , 2(6) ,32(1)
kl: 8 , 2(8) ,32(1)
kl: 8 , 2(7) ,32(1)
kl: 8 , 2(7) ,32(1)
kl: 9 , 3(8) ,36(1)
kl: 9 , 3(8) ,36(1)
kl: 9 , 3(9) ,36(1)
kl: 9 , 3(8) ,36(1)
kl: 9 , 3(8) ,36(1)
kl: 9 , 3(8) ,36(1)
kl: 9 , 3(8) ,36(1)
kl: 9 , 3(7) ,36(1)
kl: 9 , 3(5) ,36(1)
kl: 9 , 3(8) ,36(1)
kl: 10 , 2(9) ,20(1)
kl: 10 , 2(7) ,20(1)
kl: 10 , 2(9) ,20(1)
kl: 10 , 2(8) ,20(1)
kl: 10 , 2(8) ,20(1)
kl: 10 , 2(8) ,20(1)
kl: 10 , 2(10) ,20(1)
kl: 10 , 2(9) ,20(1)
kl: 10 , 2(10) ,20(1)
kl: 10 , 2(9) ,20(1)
kl: 11 , 11(0) ,55(4)
kl: 11 , 11(0) ,55(4)
kl: 11 , 11(0) ,33(1)
kl: 11 , 11(0) ,55(4)
kl: 11 , 11(0) ,55(4)
kl: 11 , 11(0) ,55(4)
kl: 11 , 11(0) ,55(4)
kl: 11 , 11(0) ,55(4)
kl: 11 , 11(0) ,55(4)
kl: 11 , 11(0) ,55(4)
kl: 12 , 2(10) ,36(1)
kl: 12 , 2(11) ,36(1)
kl: 12 , 2(10) ,36(1)
kl: 12 , 2(10) ,36(1)
kl: 12 , 2(9) ,36(1)
kl: 12 , 2(10) ,36(1)
kl: 12 , 2(9) ,36(1)
kl: 12 , 2(11) ,36(1)
kl: 12 , 2(12) ,36(1)
kl: 12 , 2(12) ,36(1)
kl: 13 , 13(1) ,26(3)
kl: 13 , 13(1) ,26(3)
kl: 13 , 13(1) ,26(3)
kl: 13 , 13(1) ,26(3)
kl: 13 , 13(1) ,26(3)
kl: 13 , 13(1) ,26(3)
kl: 13 , 13(1) ,26(3)
kl: 13 , 13(1) ,26(3)
kl: 13 , 13(1) ,26(3)
kl: 13 , 13(1) ,26(3)
kl: 14 , 2(13) ,42(3)
kl: 14 , 2(12) ,42(3)
kl: 14 , 2(11) ,42(3)
kl: 14 , 2(14) ,42(3)
kl: 14 , 2(13) ,42(3)
kl: 14 , 2(11) ,42(3)
kl: 14 , 2(12) ,42(3)
kl: 14 , 2(11) ,42(3)
kl: 14 , 2(10) ,42(3)
kl: 14 , 2(14) ,42(3)
kl: 15 , 3(13) ,15(1)
kl: 15 , 3(14) ,15(1)
kl: 15 , 5(12) ,15(1)
kl: 15 , 3(14) ,15(1)
kl: 15 , 3(14) ,15(1)
kl: 15 , 3(12) ,15(1)
kl: 15 , 3(15) ,15(1)
kl: 15 , 3(11) ,15(1)
kl: 15 , 3(12) ,15(1)
kl: 15 , 3(14) ,15(1)
kl: 16 , 2(14) ,32(2)
kl: 16 , 2(15) ,32(2)
kl: 16 , 2(15) ,32(2)
kl: 16 , 2(14) ,32(2)
kl: 16 , 2(15) ,32(2)
kl: 16 , 2(14) ,32(2)
kl: 16 , 2(15) ,32(2)
kl: 16 , 2(14) ,32(2)
kl: 16 , 2(13) ,32(2)
kl: 16 , 2(14) ,32(2)
kl: 17 , 17(1) ,17(1)
kl: 17 , 17(1) ,17(1)
kl: 17 , 17(1) ,17(1)
kl: 17 , 17(1) ,17(1)
kl: 17 , 17(1) ,17(1)
kl: 17 , 17(1) ,17(1)
kl: 17 , 17(1) ,17(1)
kl: 17 , 17(1) ,17(1)
kl: 17 , 17(1) ,17(1)
kl: 17 , 17(1) ,17(1)
kl: 18 , 2(17) ,54(7)
kl: 18 , 2(16) ,54(7)
kl: 18 , 2(16) ,54(7)
kl: 18 , 2(17) ,54(7)
kl: 18 , 2(15) ,54(7)
kl: 18 , 2(15) ,54(7)
kl: 18 , 2(16) ,54(7)
kl: 18 , 2(15) ,54(7)
kl: 18 , 2(16) ,54(7)
kl: 18 , 2(17) ,54(7)
kl: 19 , 19(1) ,38(2)
kl: 19 , 19(1) ,38(2)
kl: 19 , 19(1) ,38(2)
kl: 19 , 19(1) ,38(2)
kl: 19 , 19(1) ,38(2)
kl: 19 , 19(1) ,38(2)
kl: 19 , 19(1) ,38(2)
kl: 19 , 19(1) ,38(2)
kl: 19 , 19(1) ,38(2)
kl: 19 , 19(1) ,38(2)
kl: 20 , 2(18) ,20(1)
kl: 20 , 2(19) ,20(1)
kl: 20 , 2(18) ,20(1)
kl: 20 , 2(18) ,20(1)
kl: 20 , 2(19) ,20(1)
kl: 20 , 2(18) ,20(1)
kl: 20 , 2(19) ,20(1)
kl: 20 , 2(20) ,20(1)
kl: 20 , 2(14) ,20(1)
kl: 20 , 2(19) ,20(1)
kl: 21 , 3(19) ,42(4)
kl: 21 , 3(20) ,42(4)
kl: 21 , 3(18) ,42(4)
kl: 21 , 3(20) ,42(4)
kl: 21 , 3(16) ,42(4)
kl: 21 , 3(18) ,42(4)
kl: 21 , 3(19) ,42(4)
kl: 21 , 3(21) ,42(4)
kl: 21 , 3(20) ,42(4)
kl: 21 , 3(14) ,42(4)
kl: 22 , 2(21) ,22(0)
kl: 22 , 2(19) ,22(0)
kl: 22 , 2(20) ,22(0)
kl: 22 , 2(17) ,22(0)
kl: 22 , 2(21) ,22(0)
kl: 22 , 2(21) ,22(0)
kl: 22 , 2(20) ,22(0)
kl: 22 , 2(21) ,22(0)
kl: 22 , 2(18) ,22(0)
kl: 22 , 2(19) ,22(0)
kl: 23 , 23(0) ,46(6)
kl: 23 , 23(0) ,46(6)
kl: 23 , 23(0) ,46(6)
kl: 23 , 23(0) ,46(6)
kl: 23 , 23(0) ,46(6)
kl: 23 , 23(0) ,46(6)
kl: 23 , 23(0) ,46(6)
kl: 23 , 23(0) ,46(6)
kl: 23 , 23(0) ,46(6)
kl: 23 , 23(0) ,46(6)
kl: 24 , 2(23) ,48(3)
kl: 24 , 2(22) ,48(3)
kl: 24 , 3(21) ,48(3)
kl: 24 , 2(20) ,48(3)
kl: 24 , 2(22) ,48(3)
kl: 24 , 2(20) ,48(3)
kl: 24 , 2(18) ,48(3)
kl: 24 , 2(18) ,48(3)
kl: 24 , 2(23) ,48(3)
kl: 24 , 2(20) ,48(3)
kl: 25 , 5(22) ,50(5)
kl: 25 , 5(20) ,50(5)
kl: 25 , 5(20) ,50(5)
kl: 25 , 5(22) ,50(5)
kl: 25 , 5(20) ,50(5)
kl: 25 , 5(23) ,50(5)
kl: 25 , 5(21) ,50(5)
kl: 25 , 5(23) ,50(5)
kl: 25 , 5(20) ,50(5)
kl: 25 , 5(24) ,50(5)
kl: 26 , 2(24) ,52(5)
kl: 26 , 2(23) ,52(5)
kl: 26 , 2(23) ,52(5)
kl: 26 , 2(24) ,52(5)
kl: 26 , 2(23) ,52(5)
kl: 26 , 2(21) ,52(5)
kl: 26 , 2(24) ,52(5)
kl: 26 , 2(26) ,52(5)
kl: 26 , 2(25) ,52(5)
kl: 26 , 2(25) ,52(5)
kl: 27 , 3(22) ,54(8)
kl: 27 , 3(22) ,54(8)
kl: 27 , 3(25) ,54(8)
kl: 27 , 3(25) ,54(8)
kl: 27 , 3(21) ,54(8)
kl: 27 , 3(25) ,54(8)
kl: 27 , 3(25) ,54(8)
kl: 27 , 3(24) ,54(8)
kl: 27 , 3(24) ,54(8)
kl: 27 , 3(25) ,54(8)
kl: 28 , 2(28) ,56(9)
kl: 28 , 2(27) ,56(9)
kl: 28 , 2(28) ,56(9)
kl: 28 , 2(24) ,56(9)
kl: 28 , 2(26) ,56(9)
kl: 28 , 2(27) ,56(9)
kl: 28 , 2(25) ,56(9)
kl: 28 , 2(24) ,56(9)
kl: 28 , 2(28) ,56(9)
kl: 28 , 2(25) ,56(9)
kl: 29 , 29(3) ,58(5)
kl: 29 , 29(3) ,58(5)
kl: 29 , 29(3) ,58(5)
kl: 29 , 29(3) ,58(5)
kl: 29 , 29(3) ,58(5)
kl: 29 , 29(3) ,58(5)
kl: 29 , 29(3) ,58(5)
kl: 29 , 29(3) ,58(5)
kl: 29 , 29(3) ,58(5)
kl: 29 , 29(3) ,58(5)
kl: 30 , 2(27) ,30(5)
kl: 30 , 2(27) ,30(5)
kl: 30 , 2(29) ,30(5)
kl: 30 , 2(29) ,30(5)
kl: 30 , 2(29) ,30(5)
kl: 30 , 2(25) ,30(5)
kl: 30 , 2(27) ,30(5)
kl: 30 , 2(26) ,30(5)
kl: 30 , 2(26) ,30(5)
kl: 30 , 2(28) ,30(5)
kl: 31 , 31(6) ,31(6)
kl: 31 , 31(6) ,31(6)
kl: 31 , 31(6) ,31(6)
kl: 31 , 31(6) ,31(6)
kl: 31 , 31(6) ,31(6)
kl: 31 , 31(6) ,31(6)
kl: 31 , 31(6) ,31(6)
kl: 31 , 31(6) ,31(6)
kl: 31 , 31(6) ,31(6)
kl: 31 , 31(6) ,31(6)
kl: 32 , 2(29) ,32(4)
kl: 32 , 2(30) ,32(4)
kl: 32 , 2(30) ,32(4)
kl: 32 , 2(28) ,32(4)
kl: 32 , 2(29) ,32(4)
kl: 32 , 2(28) ,32(4)
kl: 32 , 2(28) ,32(4)
kl: 32 , 2(29) ,32(4)
kl: 32 , 2(30) ,32(4)
kl: 32 , 2(31) ,32(4)
kl: 33 , 3(31) ,33(5)
kl: 33 , 3(30) ,33(5)
kl: 33 , 3(30) ,33(5)
kl: 33 , 3(31) ,33(5)
kl: 33 , 3(29) ,33(5)
kl: 33 , 3(31) ,33(5)
kl: 33 , 3(28) ,33(5)
kl: 33 , 3(30) ,33(5)
kl: 33 , 3(30) ,33(5)
kl: 33 , 3(27) ,33(5)
kl: 34 , 2(30) ,34(5)
kl: 34 , 2(30) ,34(5)
kl: 34 , 2(33) ,34(5)
kl: 34 , 2(33) ,34(5)
kl: 34 , 2(31) ,34(5)
kl: 34 , 2(32) ,34(5)
kl: 34 , 2(32) ,34(5)
kl: 34 , 2(33) ,34(5)
kl: 34 , 2(32) ,34(5)
kl: 34 , 2(30) ,34(5)
kl: 35 , 5(31) ,35(11)
kl: 35 , 5(31) ,35(11)
kl: 35 , 7(31) ,35(11)
kl: 35 , 5(31) ,35(11)
kl: 35 , 5(31) ,35(11)
kl: 35 , 5(27) ,35(11)
kl: 35 , 5(34) ,35(11)
kl: 35 , 5(34) ,35(11)
kl: 35 , 5(30) ,35(11)
kl: 35 , 5(29) ,35(11)
kl: 36 , 2(34) ,36(5)
kl: 36 , 2(32) ,36(5)
kl: 36 , 2(32) ,36(5)
kl: 36 , 3(33) ,36(5)
kl: 36 , 2(31) ,36(5)
kl: 36 , 2(31) ,36(5)
kl: 36 , 2(32) ,36(5)
kl: 36 , 2(35) ,36(5)
kl: 36 , 2(30) ,36(5)
kl: 36 , 2(33) ,36(5)
kl: 37 , 37(5) ,37(5)
kl: 37 , 37(5) ,37(5)
kl: 37 , 37(5) ,37(5)
kl: 37 , 37(5) ,37(5)
kl: 37 , 37(5) ,37(5)
kl: 37 , 37(5) ,37(5)
kl: 37 , 37(5) ,37(5)
kl: 37 , 37(5) ,37(5)
kl: 37 , 37(5) ,37(5)
kl: 37 , 37(5) ,37(5)
kl: 38 , 2(34) ,38(4)
kl: 38 , 2(38) ,38(4)
kl: 38 , 2(35) ,38(4)
kl: 38 , 2(33) ,38(4)
kl: 38 , 2(36) ,38(4)
kl: 38 , 2(37) ,38(4)
kl: 38 , 2(35) ,38(4)
kl: 38 , 2(34) ,38(4)
kl: 38 , 2(36) ,38(4)
kl: 38 , 2(35) ,38(4)
kl: 39 , 3(31) ,39(5)
kl: 39 , 3(38) ,39(5)
kl: 39 , 3(38) ,39(5)
kl: 39 , 3(37) ,39(5)
kl: 39 , 3(33) ,39(5)
kl: 39 , 3(34) ,39(5)
kl: 39 , 3(37) ,39(5)
kl: 39 , 3(36) ,39(5)
kl: 39 , 3(35) ,39(5)
kl: 39 , 3(36) ,39(5)
kl: 40 , 2(34) ,40(6)
kl: 40 , 2(38) ,40(6)
kl: 40 , 2(39) ,40(6)
kl: 40 , 2(36) ,40(6)
kl: 40 , 2(39) ,40(6)
kl: 40 , 2(35) ,40(6)
kl: 40 , 2(35) ,40(6)
kl: 40 , 2(37) ,40(6)
kl: 40 , 2(36) ,40(6)
kl: 40 , 2(40) ,40(6)
kl: 41 , 41(5) ,41(5)
kl: 41 , 41(5) ,41(5)
kl: 41 , 41(5) ,41(5)
kl: 41 , 41(5) ,41(5)
kl: 41 , 41(5) ,41(5)
kl: 41 , 41(5) ,41(5)
kl: 41 , 41(5) ,41(5)
kl: 41 , 41(5) ,41(5)
kl: 41 , 41(5) ,41(5)
kl: 41 , 41(5) ,41(5)
kl: 42 , 2(37) ,42(7)
kl: 42 , 2(41) ,42(7)
kl: 42 , 2(42) ,42(7)
kl: 42 , 2(37) ,42(7)
kl: 42 , 2(39) ,42(7)
kl: 42 , 2(38) ,42(7)
kl: 42 , 2(36) ,42(7)
kl: 42 , 2(42) ,42(7)
kl: 42 , 2(42) ,42(7)
kl: 42 , 2(40) ,42(7)
kl: 43 , 43(5) ,43(5)
kl: 43 , 43(5) ,43(5)
kl: 43 , 43(5) ,43(5)
kl: 43 , 43(5) ,43(5)
kl: 43 , 43(5) ,43(5)
kl: 43 , 43(5) ,43(5)
kl: 43 , 43(5) ,43(5)
kl: 43 , 43(5) ,43(5)
kl: 43 , 43(5) ,43(5)
kl: 43 , 43(5) ,43(5)
kl: 44 , 2(43) ,44(9)
kl: 44 , 2(42) ,44(9)
kl: 44 , 2(41) ,44(9)
kl: 44 , 2(41) ,44(9)
kl: 44 , 2(42) ,44(9)
kl: 44 , 2(40) ,44(9)
kl: 44 , 2(41) ,44(9)
kl: 44 , 2(39) ,44(9)
kl: 44 , 2(44) ,44(9)
kl: 44 , 2(41) ,44(9)
kl: 45 , 3(42) ,45(8)
kl: 45 , 3(41) ,45(8)
kl: 45 , 3(41) ,45(8)
kl: 45 , 3(40) ,45(8)
kl: 45 , 3(42) ,45(8)
kl: 45 , 3(42) ,45(8)
kl: 45 , 3(43) ,45(8)
kl: 45 , 3(42) ,45(8)
kl: 45 , 3(44) ,45(8)
kl: 45 , 3(41) ,45(8)
kl: 46 , 2(45) ,46(7)
kl: 46 , 2(46) ,46(7)
kl: 46 , 2(42) ,46(7)
kl: 46 , 2(41) ,46(7)
kl: 46 , 2(46) ,46(7)
kl: 46 , 2(44) ,46(7)
kl: 46 , 2(40) ,46(7)
kl: 46 , 2(43) ,46(7)
kl: 46 , 2(45) ,46(7)
kl: 46 , 2(45) ,46(7)
kl: 47 , 47(7) ,47(7)
kl: 47 , 47(7) ,47(7)
kl: 47 , 47(7) ,47(7)
kl: 47 , 47(7) ,47(7)
kl: 47 , 47(7) ,47(7)
kl: 47 , 47(7) ,47(7)
kl: 47 , 47(7) ,47(7)
kl: 47 , 47(7) ,47(7)
kl: 47 , 47(7) ,47(7)
kl: 47 , 47(7) ,47(7)
kl: 48 , 2(45) ,48(8)
kl: 48 , 2(42) ,48(8)
kl: 48 , 2(42) ,48(8)
kl: 48 , 2(47) ,48(8)
kl: 48 , 2(45) ,48(8)
kl: 48 , 2(44) ,48(8)
kl: 48 , 2(43) ,48(8)
kl: 48 , 2(47) ,48(8)
kl: 48 , 2(46) ,48(8)
kl: 48 , 2(43) ,48(8)
kl: 49 , 7(40) ,49(11)
kl: 49 , 7(44) ,49(11)
kl: 49 , 7(44) ,49(11)
kl: 49 , 7(46) ,49(11)
kl: 49 , 7(44) ,49(11)
kl: 49 , 7(43) ,49(11)
kl: 49 , 7(41) ,49(11)
kl: 49 , 7(48) ,49(11)
kl: 49 , 7(44) ,49(11)
kl: 49 , 7(46) ,49(11)
kl: 50 , 2(45) ,50(8)
kl: 50 , 2(44) ,50(8)
kl: 50 , 2(50) ,50(8)
kl: 50 , 2(44) ,50(8)
kl: 50 , 2(44) ,50(8)
kl: 50 , 2(48) ,50(8)
kl: 50 , 2(47) ,50(8)
kl: 50 , 2(46) ,50(8)
kl: 50 , 2(46) ,50(8)
kl: 50 , 2(48) ,50(8)
kl: 51 , 3(50) ,51(15)
kl: 51 , 3(44) ,51(15)
kl: 51 , 3(48) ,51(15)
kl: 51 , 3(48) ,51(15)
kl: 51 , 3(46) ,51(15)
kl: 51 , 3(46) ,51(15)
kl: 51 , 3(47) ,51(15)
kl: 51 , 3(49) ,51(15)
kl: 51 , 3(48) ,51(15)
kl: 51 , 3(44) ,51(15)
kl: 52 , 2(46) ,52(10)
kl: 52 , 2(48) ,52(10)
kl: 52 , 2(50) ,52(10)
kl: 52 , 2(52) ,52(10)
kl: 52 , 2(50) ,52(10)
kl: 52 , 2(49) ,52(10)
kl: 52 , 2(49) ,52(10)
kl: 52 , 2(50) ,52(10)
kl: 52 , 2(47) ,52(10)
kl: 52 , 2(47) ,52(10)
kl: 53 , 53(13) ,53(13)
kl: 53 , 53(13) ,53(13)
kl: 53 , 53(13) ,53(13)
kl: 53 , 53(13) ,53(13)
kl: 53 , 53(13) ,53(13)
kl: 53 , 53(13) ,53(13)
kl: 53 , 53(13) ,53(13)
kl: 53 , 53(13) ,53(13)
kl: 53 , 53(13) ,53(13)
kl: 53 , 53(13) ,53(13)
kl: 54 , 2(50) ,54(17)
kl: 54 , 2(51) ,54(17)
kl: 54 , 2(50) ,54(17)
kl: 54 , 2(53) ,54(17)
kl: 54 , 2(51) ,54(17)
kl: 54 , 2(52) ,54(17)
kl: 54 , 2(52) ,54(17)
kl: 54 , 2(54) ,54(17)
kl: 54 , 2(46) ,54(17)
kl: 54 , 2(49) ,54(17)
kl: 55 , 5(49) ,55(16)
kl: 55 , 5(53) ,55(16)
kl: 55 , 5(50) ,55(16)
kl: 55 , 5(47) ,55(16)
kl: 55 , 5(51) ,55(16)
kl: 55 , 5(51) ,55(16)
kl: 55 , 5(52) ,55(16)
kl: 55 , 5(50) ,55(16)
kl: 55 , 5(52) ,55(16)
kl: 55 , 5(49) ,55(16)
kl: 56 , 2(51) ,56(20)
kl: 56 , 2(46) ,56(20)
kl: 56 , 2(53) ,56(20)
kl: 56 , 2(51) ,56(20)
kl: 56 , 2(53) ,56(20)
kl: 56 , 2(53) ,56(20)
kl: 56 , 2(46) ,56(20)
kl: 56 , 2(53) ,56(20)
kl: 56 , 2(53) ,56(20)
kl: 56 , 2(51) ,56(20)
kl: 57 , 3(50) ,57(15)
kl: 57 , 3(50) ,57(15)
kl: 57 , 3(49) ,57(15)
kl: 57 , 3(53) ,57(15)
kl: 57 , 3(52) ,57(15)
kl: 57 , 3(50) ,57(15)
kl: 57 , 3(51) ,57(15)
kl: 57 , 3(55) ,57(15)
kl: 57 , 3(52) ,57(15)
kl: 57 , 3(54) ,57(15)
kl: 58 , 2(52) ,58(15)
kl: 58 , 2(58) ,58(15)
kl: 58 , 2(53) ,58(15)
kl: 58 , 2(55) ,58(15)
kl: 58 , 2(50) ,58(15)
kl: 58 , 2(57) ,58(15)
kl: 58 , 2(55) ,58(15)
kl: 58 , 2(54) ,58(15)
kl: 58 , 2(51) ,58(15)
kl: 58 , 2(53) ,58(15)
kl: 59 , 59(12) ,59(12)
kl: 59 , 59(12) ,59(12)
kl: 59 , 59(12) ,59(12)
kl: 59 , 59(12) ,59(12)
kl: 59 , 59(12) ,59(12)
kl: 59 , 59(12) ,59(12)
kl: 59 , 59(12) ,59(12)
kl: 59 , 59(12) ,59(12)
kl: 59 , 59(12) ,59(12)
kl: 59 , 59(12) ,59(12)
kl: 60 , 2(56) ,30(48)
kl: 60 , 2(57) ,30(43)
kl: 60 , 2(57) ,30(47)
kl: 60 , 2(57) ,30(47)
kl: 60 , 2(55) ,30(40)
kl: 60 , 2(58) ,30(49)
kl: 60 , 2(53) ,30(53)
kl: 60 , 2(56) ,30(44)
kl: 60 , 2(56) ,30(43)
kl: 60 , 2(52) ,30(42)

average letter accuracy: 27.49%
average length accuracy: 71.66%
['0%', '0%', '0%', '80.0%', '0%', '80.0%', '0%', '81.25%', '85.55%', '87.0%', '0%', '86.66%', '7.692%', '86.42%', '87.33%', '89.37%', '5.882%', '88.88%', '5.263%', '91.0%', '88.09%', '89.54%', '0%', '86.25%', '86.0%', '91.53%', '88.14%', '93.57%', '10.34%', '91.0%', '19.35%', '91.25%', '90.0%', '92.94%', '88.28%', '89.72%', '13.51%', '92.89%', '91.02%', '92.25%', '12.19%', '93.80%', '11.62%', '94.09%', '92.88%', '95.0%', '14.89%', '92.5%', '89.79%', '92.4%', '92.15%', '93.84%', '24.52%', '94.07%', '91.63%', '91.07%', '90.52%', '92.75%', '20.33%', '92.83%']

average letter accuracy: 78.61%
average length accuracy: 43.33%
['0%', '0%', '0%', '25.0%', '20.0%', '33.33%', '0%', '12.5%', '11.11%', '10.0%', '33.63%', '8.333%', '23.07%', '21.42%', '6.666%', '12.5%', '5.882%', '38.88%', '10.52%', '5.0%', '19.04%', '0%', '26.08%', '12.5%', '20.0%', '19.23%', '29.62%', '32.14%', '17.24%', '16.66%', '19.35%', '12.5%', '15.15%', '14.70%', '31.42%', '13.88%', '13.51%', '10.52%', '12.82%', '15.0%', '12.19%', '16.66%', '11.62%', '20.45%', '17.77%', '15.21%', '14.89%', '16.66%', '22.44%', '16.0%', '29.41%', '19.23%', '24.52%', '31.48%', '29.09%', '35.71%', '26.31%', '25.86%', '20.33%', '76.0%']

[KASISKI EXAMINATION]
The Lottery
[Finished in 16.0s]