kl: 1 , 13(0) ,47(0)
kl: 1 , 13(0) ,47(0)
kl: 1 , 13(0) ,47(0)
kl: 1 , 13(0) ,47(0)
kl: 1 , 13(0) ,47(0)
kl: 1 , 13(0) ,47(0)
kl: 1 , 13(0) ,47(0)
kl: 1 , 13(0) ,47(0)
kl: 1 , 13(0) ,47(0)
kl: 1 , 13(0) ,47(0)
kl: 2 , 2(0) ,52(0)
kl: 2 , 2(0) ,52(0)
kl: 2 , 2(0) ,52(0)
kl: 2 , 2(0) ,52(0)
kl: 2 , 2(0) ,52(0)
kl: 2 , 2(0) ,52(0)
kl: 2 , 2(0) ,52(0)
kl: 2 , 2(0) ,52(0)
kl: 2 , 2(0) ,52(0)
kl: 2 , 2(0) ,52(0)
kl: 3 , 3(0) ,27(0)
kl: 3 , 3(0) ,27(0)
kl: 3 , 3(0) ,27(0)
kl: 3 , 3(0) ,27(0)
kl: 3 , 3(0) ,27(0)
kl: 3 , 3(0) ,27(0)
kl: 3 , 3(0) ,27(0)
kl: 3 , 3(0) ,27(0)
kl: 3 , 3(0) ,27(0)
kl: 3 , 3(0) ,27(0)
kl: 4 , 4(0) ,52(0)
kl: 4 , 4(0) ,52(0)
kl: 4 , 4(0) ,52(0)
kl: 4 , 4(0) ,52(0)
kl: 4 , 4(0) ,52(0)
kl: 4 , 2(2) ,52(0)
kl: 4 , 4(0) ,52(0)
kl: 4 , 4(0) ,52(0)
kl: 4 , 4(0) ,52(0)
kl: 4 , 4(0) ,52(0)
kl: 5 , 5(0) ,60(0)
kl: 5 , 5(0) ,60(0)
kl: 5 , 5(0) ,60(0)
kl: 5 , 5(0) ,60(0)
kl: 5 , 5(0) ,60(0)
kl: 5 , 5(0) ,60(0)
kl: 5 , 5(0) ,60(0)
kl: 5 , 5(0) ,60(0)
kl: 5 , 5(0) ,60(0)
kl: 5 , 5(0) ,60(0)
kl: 6 , 6(0) ,60(0)
kl: 6 , 6(0) ,60(0)
kl: 6 , 3(3) ,60(0)
kl: 6 , 6(0) ,60(0)
kl: 6 , 6(0) ,60(0)
kl: 6 , 6(0) ,60(0)
kl: 6 , 6(0) ,60(0)
kl: 6 , 6(0) ,60(0)
kl: 6 , 6(0) ,60(0)
kl: 6 , 6(0) ,60(0)
kl: 7 , 7(0) ,56(0)
kl: 7 , 7(0) ,56(0)
kl: 7 , 7(0) ,56(0)
kl: 7 , 7(0) ,56(0)
kl: 7 , 7(0) ,56(0)
kl: 7 , 7(0) ,56(0)
kl: 7 , 7(0) ,56(0)
kl: 7 , 7(0) ,56(0)
kl: 7 , 7(0) ,56(0)
kl: 7 , 7(0) ,56(0)
kl: 8 , 4(6) ,56(0)
kl: 8 , 4(6) ,56(0)
kl: 8 , 4(5) ,56(0)
kl: 8 , 4(4) ,56(0)
kl: 8 , 4(6) ,56(0)
kl: 8 , 4(5) ,56(0)
kl: 8 , 4(6) ,56(0)
kl: 8 , 4(5) ,56(0)
kl: 8 , 4(5) ,56(0)
kl: 8 , 4(4) ,56(0)
kl: 9 , 9(0) ,27(0)
kl: 9 , 9(0) ,27(0)
kl: 9 , 9(0) ,27(0)
kl: 9 , 9(0) ,27(0)
kl: 9 , 9(0) ,27(0)
kl: 9 , 9(0) ,27(0)
kl: 9 , 9(0) ,27(0)
kl: 9 , 9(0) ,27(0)
kl: 9 , 9(0) ,27(0)
kl: 9 , 9(0) ,27(0)
kl: 10 , 10(0) ,60(0)
kl: 10 , 5(6) ,60(0)
kl: 10 , 10(0) ,60(0)
kl: 10 , 5(8) ,60(0)
kl: 10 , 5(5) ,60(0)
kl: 10 , 10(0) ,60(0)
kl: 10 , 10(0) ,60(0)
kl: 10 , 5(7) ,60(0)
kl: 10 , 10(0) ,60(0)
kl: 10 , 5(8) ,60(0)
kl: 11 , 11(0) ,44(0)
kl: 11 , 11(0) ,44(0)
kl: 11 , 11(0) ,44(0)
kl: 11 , 11(0) ,44(0)
kl: 11 , 11(0) ,44(0)
kl: 11 , 11(0) ,44(0)
kl: 11 , 11(0) ,44(0)
kl: 11 , 11(0) ,44(0)
kl: 11 , 11(0) ,44(0)
kl: 11 , 11(0) ,44(0)
kl: 12 , 6(9) ,60(0)
kl: 12 , 6(9) ,60(0)
kl: 12 , 6(11) ,60(0)
kl: 12 , 6(8) ,60(0)
kl: 12 , 6(8) ,60(0)
kl: 12 , 6(9) ,60(0)
kl: 12 , 6(9) ,60(0)
kl: 12 , 6(11) ,60(0)
kl: 12 , 6(8) ,60(0)
kl: 12 , 6(10) ,60(0)
kl: 13 , 13(0) ,52(0)
kl: 13 , 13(0) ,52(0)
kl: 13 , 13(0) ,52(0)
kl: 13 , 13(0) ,52(0)
kl: 13 , 13(0) ,52(0)
kl: 13 , 13(0) ,52(0)
kl: 13 , 13(0) ,52(0)
kl: 13 , 13(0) ,52(0)
kl: 13 , 13(0) ,52(0)
kl: 13 , 13(0) ,52(0)
kl: 14 , 7(9) ,56(0)
kl: 14 , 7(7) ,56(0)
kl: 14 , 7(10) ,56(0)
kl: 14 , 7(11) ,56(0)
kl: 14 , 7(9) ,56(0)
kl: 14 , 7(9) ,56(0)
kl: 14 , 7(8) ,56(0)
kl: 14 , 7(9) ,56(0)
kl: 14 , 7(9) ,56(0)
kl: 14 , 7(8) ,56(0)
kl: 15 , 15(0) ,60(0)
kl: 15 , 15(0) ,60(0)
kl: 15 , 15(0) ,60(0)
kl: 15 , 15(0) ,60(0)
kl: 15 , 15(0) ,60(0)
kl: 15 , 15(0) ,60(0)
kl: 15 , 15(0) ,60(0)
kl: 15 , 15(0) ,60(0)
kl: 15 , 15(0) ,60(0)
kl: 15 , 15(0) ,60(0)
kl: 16 , 8(13) ,32(0)
kl: 16 , 8(12) ,32(0)
kl: 16 , 8(12) ,32(0)
kl: 16 , 8(10) ,32(0)
kl: 16 , 8(12) ,32(0)
kl: 16 , 8(12) ,32(0)
kl: 16 , 8(9) ,32(0)
kl: 16 , 8(12) ,32(0)
kl: 16 , 8(13) ,32(0)
kl: 16 , 8(10) ,32(0)
kl: 17 , 17(0) ,17(0)
kl: 17 , 17(0) ,17(0)
kl: 17 , 17(0) ,17(0)
kl: 17 , 17(0) ,17(0)
kl: 17 , 17(0) ,17(0)
kl: 17 , 17(0) ,17(0)
kl: 17 , 17(0) ,17(0)
kl: 17 , 17(0) ,17(0)
kl: 17 , 17(0) ,17(0)
kl: 17 , 17(0) ,17(0)
kl: 18 , 6(12) ,54(3)
kl: 18 , 6(15) ,54(3)
kl: 18 , 9(11) ,54(3)
kl: 18 , 6(16) ,54(3)
kl: 18 , 9(14) ,54(3)
kl: 18 , 6(16) ,54(3)
kl: 18 , 6(11) ,54(3)
kl: 18 , 6(14) ,54(3)
kl: 18 , 6(15) ,54(3)
kl: 18 , 6(15) ,54(3)
kl: 19 , 19(0) ,38(1)
kl: 19 , 19(0) ,38(1)
kl: 19 , 19(0) ,38(1)
kl: 19 , 19(0) ,38(1)
kl: 19 , 19(0) ,38(1)
kl: 19 , 19(0) ,38(1)
kl: 19 , 19(0) ,38(1)
kl: 19 , 19(0) ,38(1)
kl: 19 , 19(0) ,38(1)
kl: 19 , 19(0) ,38(1)
kl: 20 , 10(13) ,60(0)
kl: 20 , 10(16) ,60(0)
kl: 20 , 10(19) ,60(0)
kl: 20 , 10(13) ,60(0)
kl: 20 , 10(15) ,60(0)
kl: 20 , 10(15) ,60(0)
kl: 20 , 10(14) ,60(0)
kl: 20 , 10(16) ,60(0)
kl: 20 , 10(12) ,60(0)
kl: 20 , 10(15) ,60(0)
kl: 21 , 21(0) ,21(0)
kl: 21 , 7(17) ,21(0)
kl: 21 , 21(0) ,21(0)
kl: 21 , 7(18) ,21(0)
kl: 21 , 7(18) ,21(0)
kl: 21 , 7(18) ,21(0)
kl: 21 , 21(0) ,21(0)
kl: 21 , 7(19) ,21(0)
kl: 21 , 7(15) ,21(0)
kl: 21 , 7(20) ,21(0)
kl: 22 , 11(17) ,44(0)
kl: 22 , 11(15) ,44(0)
kl: 22 , 11(16) ,44(0)
kl: 22 , 11(18) ,44(0)
kl: 22 , 11(16) ,44(0)
kl: 22 , 11(18) ,44(0)
kl: 22 , 11(17) ,44(0)
kl: 22 , 11(18) ,44(0)
kl: 22 , 11(15) ,44(0)
kl: 22 , 11(18) ,44(0)
kl: 23 , 23(0) ,46(0)
kl: 23 , 23(0) ,46(0)
kl: 23 , 23(0) ,46(0)
kl: 23 , 23(0) ,46(0)
kl: 23 , 23(0) ,46(0)
kl: 23 , 23(0) ,46(0)
kl: 23 , 23(0) ,46(0)
kl: 23 , 23(0) ,46(0)
kl: 23 , 23(0) ,46(0)
kl: 23 , 23(0) ,46(0)
kl: 24 , 8(20) ,48(1)
kl: 24 , 6(22) ,48(1)
kl: 24 , 6(16) ,48(1)
kl: 24 , 8(21) ,48(1)
kl: 24 , 6(19) ,48(1)
kl: 24 , 8(17) ,48(1)
kl: 24 , 6(20) ,48(1)
kl: 24 , 6(22) ,48(1)
kl: 24 , 8(23) ,48(1)
kl: 24 , 8(17) ,48(1)
kl: 25 , 25(0) ,50(1)
kl: 25 , 25(0) ,50(1)
kl: 25 , 5(24) ,50(1)
kl: 25 , 25(0) ,50(1)
kl: 25 , 25(0) ,50(1)
kl: 25 , 25(0) ,50(1)
kl: 25 , 25(0) ,50(1)
kl: 25 , 25(0) ,50(1)
kl: 25 , 25(0) ,50(1)
kl: 25 , 25(0) ,50(1)
kl: 26 , 13(18) ,52(0)
kl: 26 , 13(18) ,52(0)
kl: 26 , 13(22) ,52(0)
kl: 26 , 13(14) ,52(0)
kl: 26 , 13(21) ,52(0)
kl: 26 , 13(19) ,52(0)
kl: 26 , 13(19) ,52(0)
kl: 26 , 13(16) ,52(0)
kl: 26 , 13(18) ,52(0)
kl: 26 , 13(14) ,52(0)
kl: 27 , 9(21) ,27(0)
kl: 27 , 9(21) ,27(0)
kl: 27 , 9(19) ,27(0)
kl: 27 , 9(23) ,27(0)
kl: 27 , 9(22) ,27(0)
kl: 27 , 9(23) ,27(0)
kl: 27 , 9(24) ,27(0)
kl: 27 , 9(21) ,27(0)
kl: 27 , 9(24) ,27(0)
kl: 27 , 9(23) ,27(0)
kl: 28 , 14(18) ,56(0)
kl: 28 , 14(22) ,56(0)
kl: 28 , 14(21) ,56(0)
kl: 28 , 14(19) ,56(0)
kl: 28 , 14(21) ,56(0)
kl: 28 , 14(22) ,56(0)
kl: 28 , 14(21) ,56(0)
kl: 28 , 14(21) ,56(0)
kl: 28 , 14(26) ,56(0)
kl: 28 , 14(22) ,56(0)
kl: 29 , 29(0) ,29(0)
kl: 29 , 29(0) ,29(0)
kl: 29 , 29(0) ,29(0)
kl: 29 , 29(0) ,29(0)
kl: 29 , 29(0) ,29(0)
kl: 29 , 29(0) ,29(0)
kl: 29 , 29(0) ,29(0)
kl: 29 , 29(0) ,29(0)
kl: 29 , 29(0) ,29(0)
kl: 29 , 29(0) ,29(0)
kl: 30 , 10(26) ,60(0)
kl: 30 , 10(26) ,60(0)
kl: 30 , 10(24) ,60(0)
kl: 30 , 10(24) ,60(0)
kl: 30 , 10(26) ,60(0)
kl: 30 , 10(27) ,60(0)
kl: 30 , 10(24) ,60(0)
kl: 30 , 10(24) ,60(0)
kl: 30 , 10(23) ,60(0)
kl: 30 , 10(24) ,60(0)
kl: 31 , 31(0) ,31(0)
kl: 31 , 31(0) ,31(0)
kl: 31 , 31(0) ,31(0)
kl: 31 , 31(0) ,31(0)
kl: 31 , 31(0) ,31(0)
kl: 31 , 31(0) ,31(0)
kl: 31 , 31(0) ,31(0)
kl: 31 , 31(0) ,31(0)
kl: 31 , 31(0) ,31(0)
kl: 31 , 31(0) ,31(0)
kl: 32 , 8(24) ,32(0)
kl: 32 , 8(26) ,32(0)
kl: 32 , 8(24) ,32(0)
kl: 32 , 8(26) ,32(0)
kl: 32 , 8(26) ,32(0)
kl: 32 , 8(28) ,32(0)
kl: 32 , 8(28) ,32(0)
kl: 32 , 8(26) ,32(0)
kl: 32 , 8(29) ,32(0)
kl: 32 , 8(28) ,32(0)
kl: 33 , 11(26) ,33(0)
kl: 33 , 11(28) ,33(0)
kl: 33 , 11(22) ,33(0)
kl: 33 , 11(28) ,33(0)
kl: 33 , 11(27) ,33(0)
kl: 33 , 11(28) ,33(0)
kl: 33 , 11(27) ,33(0)
kl: 33 , 11(26) ,33(0)
kl: 33 , 11(31) ,33(0)
kl: 33 , 11(27) ,33(0)
kl: 34 , 17(28) ,34(0)
kl: 34 , 17(30) ,34(0)
kl: 34 , 17(23) ,34(0)
kl: 34 , 17(25) ,34(0)
kl: 34 , 17(23) ,34(0)
kl: 34 , 17(25) ,34(0)
kl: 34 , 17(25) ,34(0)
kl: 34 , 17(25) ,34(0)
kl: 34 , 17(24) ,34(0)
kl: 34 , 17(28) ,34(0)
kl: 35 , 7(30) ,35(1)
kl: 35 , 7(32) ,35(1)
kl: 35 , 7(30) ,35(1)
kl: 35 , 7(33) ,35(1)
kl: 35 , 7(33) ,35(1)
kl: 35 , 7(34) ,35(1)
kl: 35 , 7(28) ,35(1)
kl: 35 , 7(30) ,35(1)
kl: 35 , 7(28) ,35(1)
kl: 35 , 7(29) ,35(1)
kl: 36 , 9(32) ,36(1)
kl: 36 , 12(32) ,36(1)
kl: 36 , 9(28) ,36(1)
kl: 36 , 6(28) ,36(1)
kl: 36 , 12(27) ,36(1)
kl: 36 , 9(30) ,36(1)
kl: 36 , 12(29) ,36(1)
kl: 36 , 9(32) ,36(1)
kl: 36 , 9(33) ,36(1)
kl: 36 , 12(33) ,36(1)
kl: 37 , 37(0) ,37(0)
kl: 37 , 37(0) ,37(0)
kl: 37 , 37(0) ,37(0)
kl: 37 , 37(0) ,37(0)
kl: 37 , 37(0) ,37(0)
kl: 37 , 37(0) ,37(0)
kl: 37 , 37(0) ,37(0)
kl: 37 , 37(0) ,37(0)
kl: 37 , 37(0) ,37(0)
kl: 37 , 37(0) ,37(0)
kl: 38 , 19(31) ,38(1)
kl: 38 , 19(27) ,38(1)
kl: 38 , 19(29) ,38(1)
kl: 38 , 19(27) ,38(1)
kl: 38 , 19(28) ,38(1)
kl: 38 , 19(31) ,38(1)
kl: 38 , 19(28) ,38(1)
kl: 38 , 19(21) ,38(1)
kl: 38 , 19(24) ,38(1)
kl: 38 , 19(27) ,38(1)
kl: 39 , 13(32) ,39(0)
kl: 39 , 13(28) ,39(0)
kl: 39 , 13(33) ,39(0)
kl: 39 , 13(29) ,39(0)
kl: 39 , 13(32) ,39(0)
kl: 39 , 13(32) ,39(0)
kl: 39 , 13(30) ,39(0)
kl: 39 , 13(29) ,39(0)
kl: 39 , 13(30) ,39(0)
kl: 39 , 13(32) ,39(0)
kl: 40 , 10(33) ,40(0)
kl: 40 , 10(34) ,40(0)
kl: 40 , 8(35) ,40(0)
kl: 40 , 10(30) ,40(0)
kl: 40 , 10(37) ,40(0)
kl: 40 , 10(34) ,40(0)
kl: 40 , 10(32) ,40(0)
kl: 40 , 10(32) ,40(0)
kl: 40 , 10(32) ,40(0)
kl: 40 , 10(33) ,40(0)
kl: 41 , 41(1) ,41(1)
kl: 41 , 41(1) ,41(1)
kl: 41 , 41(1) ,41(1)
kl: 41 , 41(1) ,41(1)
kl: 41 , 41(1) ,41(1)
kl: 41 , 41(1) ,41(1)
kl: 41 , 41(1) ,41(1)
kl: 41 , 41(1) ,41(1)
kl: 41 , 41(1) ,41(1)
kl: 41 , 41(1) ,41(1)
kl: 42 , 14(35) ,42(1)
kl: 42 , 14(34) ,42(1)
kl: 42 , 14(32) ,42(1)
kl: 42 , 14(31) ,42(1)
kl: 42 , 14(34) ,42(1)
kl: 42 , 14(33) ,42(1)
kl: 42 , 14(34) ,42(1)
kl: 42 , 14(36) ,42(1)
kl: 42 , 14(37) ,42(1)
kl: 42 , 14(37) ,42(1)
kl: 43 , 43(0) ,43(0)
kl: 43 , 43(0) ,43(0)
kl: 43 , 43(0) ,43(0)
kl: 43 , 43(0) ,43(0)
kl: 43 , 43(0) ,43(0)
kl: 43 , 43(0) ,43(0)
kl: 43 , 43(0) ,43(0)
kl: 43 , 43(0) ,43(0)
kl: 43 , 43(0) ,43(0)
kl: 43 , 43(0) ,43(0)
kl: 44 , 11(36) ,44(0)
kl: 44 , 11(38) ,44(0)
kl: 44 , 22(33) ,44(0)
kl: 44 , 11(36) ,44(0)
kl: 44 , 11(36) ,44(0)
kl: 44 , 11(36) ,44(0)
kl: 44 , 11(38) ,44(0)
kl: 44 , 11(37) ,44(0)
kl: 44 , 11(39) ,44(0)
kl: 44 , 11(38) ,44(0)
kl: 45 , 15(36) ,45(0)
kl: 45 , 15(37) ,45(0)
kl: 45 , 15(38) ,45(0)
kl: 45 , 9(35) ,45(0)
kl: 45 , 15(38) ,45(0)
kl: 45 , 15(34) ,45(0)
kl: 45 , 9(34) ,45(0)
kl: 45 , 15(39) ,45(0)
kl: 45 , 9(38) ,45(0)
kl: 45 , 15(39) ,45(0)
kl: 46 , 23(27) ,46(1)
kl: 46 , 23(37) ,46(1)
kl: 46 , 23(36) ,46(1)
kl: 46 , 23(37) ,46(1)
kl: 46 , 23(25) ,46(1)
kl: 46 , 23(34) ,46(1)
kl: 46 , 23(34) ,46(1)
kl: 46 , 23(38) ,46(1)
kl: 46 , 23(34) ,46(1)
kl: 46 , 23(34) ,46(1)
kl: 47 , 47(0) ,47(0)
kl: 47 , 47(0) ,47(0)
kl: 47 , 47(0) ,47(0)
kl: 47 , 47(0) ,47(0)
kl: 47 , 47(0) ,47(0)
kl: 47 , 47(0) ,47(0)
kl: 47 , 47(0) ,47(0)
kl: 47 , 47(0) ,47(0)
kl: 47 , 47(0) ,47(0)
kl: 47 , 47(0) ,47(0)
kl: 48 , 12(37) ,48(3)
kl: 48 , 12(41) ,48(3)
kl: 48 , 12(41) ,48(3)
kl: 48 , 12(41) ,48(3)
kl: 48 , 12(40) ,48(3)
kl: 48 , 12(39) ,48(3)
kl: 48 , 12(42) ,48(3)
kl: 48 , 12(43) ,48(3)
kl: 48 , 12(43) ,48(3)
kl: 48 , 12(41) ,48(3)
kl: 49 , 49(2) ,49(2)
kl: 49 , 49(2) ,49(2)
kl: 49 , 49(2) ,49(2)
kl: 49 , 7(41) ,49(2)
kl: 49 , 49(2) ,49(2)
kl: 49 , 49(2) ,49(2)
kl: 49 , 49(2) ,49(2)
kl: 49 , 49(2) ,49(2)
kl: 49 , 49(2) ,49(2)
kl: 49 , 49(2) ,49(2)
kl: 50 , 10(44) ,50(2)
kl: 50 , 10(46) ,50(2)
kl: 50 , 10(41) ,50(2)
kl: 50 , 25(37) ,50(2)
kl: 50 , 10(44) ,50(2)
kl: 50 , 10(44) ,50(2)
kl: 50 , 10(41) ,50(2)
kl: 50 , 10(42) ,50(2)
kl: 50 , 10(46) ,50(2)
kl: 50 , 10(44) ,50(2)
kl: 51 , 17(46) ,51(0)
kl: 51 , 17(42) ,51(0)
kl: 51 , 17(40) ,51(0)
kl: 51 , 17(41) ,51(0)
kl: 51 , 17(42) ,51(0)
kl: 51 , 17(43) ,51(0)
kl: 51 , 17(43) ,51(0)
kl: 51 , 17(44) ,51(0)
kl: 51 , 17(43) ,51(0)
kl: 51 , 17(40) ,51(0)
kl: 52 , 13(45) ,52(0)
kl: 52 , 13(45) ,52(0)
kl: 52 , 13(41) ,52(0)
kl: 52 , 13(44) ,52(0)
kl: 52 , 13(45) ,52(0)
kl: 52 , 13(44) ,52(0)
kl: 52 , 13(47) ,52(0)
kl: 52 , 13(45) ,52(0)
kl: 52 , 13(46) ,52(0)
kl: 52 , 13(47) ,52(0)
kl: 53 , 53(0) ,53(0)
kl: 53 , 53(0) ,53(0)
kl: 53 , 53(0) ,53(0)
kl: 53 , 53(0) ,53(0)
kl: 53 , 53(0) ,53(0)
kl: 53 , 53(0) ,53(0)
kl: 53 , 53(0) ,53(0)
kl: 53 , 53(0) ,53(0)
kl: 53 , 53(0) ,53(0)
kl: 53 , 53(0) ,53(0)
kl: 54 , 18(44) ,54(3)
kl: 54 , 9(49) ,54(3)
kl: 54 , 18(41) ,54(3)
kl: 54 , 18(44) ,54(3)
kl: 54 , 18(37) ,54(3)
kl: 54 , 18(45) ,54(3)
kl: 54 , 18(44) ,54(3)
kl: 54 , 18(45) ,54(3)
kl: 54 , 18(44) ,54(3)
kl: 54 , 18(44) ,54(3)
kl: 55 , 22(52) ,55(1)
kl: 55 , 11(46) ,55(1)
kl: 55 , 11(47) ,55(1)
kl: 55 , 11(44) ,55(1)
kl: 55 , 11(50) ,55(1)
kl: 55 , 11(50) ,55(1)
kl: 55 , 11(45) ,55(1)
kl: 55 , 22(48) ,55(1)
kl: 55 , 11(47) ,55(1)
kl: 55 , 22(48) ,55(1)
kl: 56 , 14(48) ,56(0)
kl: 56 , 14(45) ,56(0)
kl: 56 , 14(46) ,56(0)
kl: 56 , 14(46) ,56(0)
kl: 56 , 14(46) ,56(0)
kl: 56 , 14(48) ,56(0)
kl: 56 , 14(52) ,56(0)
kl: 56 , 14(46) ,56(0)
kl: 56 , 14(44) ,56(0)
kl: 56 , 14(45) ,56(0)
kl: 57 , 19(48) ,57(0)
kl: 57 , 19(51) ,57(0)
kl: 57 , 19(46) ,57(0)
kl: 57 , 19(49) ,57(0)
kl: 57 , 19(48) ,57(0)
kl: 57 , 19(47) ,57(0)
kl: 57 , 19(50) ,57(0)
kl: 57 , 19(52) ,57(0)
kl: 57 , 19(45) ,57(0)
kl: 57 , 19(46) ,57(0)
kl: 58 , 29(40) ,58(2)
kl: 58 , 29(48) ,58(2)
kl: 58 , 29(43) ,58(2)
kl: 58 , 29(43) ,58(2)
kl: 58 , 29(39) ,58(2)
kl: 58 , 29(40) ,58(2)
kl: 58 , 29(45) ,58(2)
kl: 58 , 29(45) ,58(2)
kl: 58 , 29(49) ,58(2)
kl: 58 , 29(45) ,58(2)
kl: 59 , 59(2) ,59(2)
kl: 59 , 59(2) ,59(2)
kl: 59 , 59(2) ,59(2)
kl: 59 , 59(2) ,59(2)
kl: 59 , 59(2) ,59(2)
kl: 59 , 59(2) ,59(2)
kl: 59 , 59(2) ,59(2)
kl: 59 , 59(2) ,59(2)
kl: 59 , 59(2) ,59(2)
kl: 59 , 59(2) ,59(2)
kl: 60 , 15(51) ,60(1)
kl: 60 , 12(48) ,60(1)
kl: 60 , 15(49) ,60(1)
kl: 60 , 15(49) ,60(1)
kl: 60 , 15(50) ,60(1)
kl: 60 , 15(45) ,60(1)
kl: 60 , 15(51) ,60(1)
kl: 60 , 15(48) ,60(1)
kl: 60 , 12(51) ,60(1)
kl: 60 , 15(55) ,60(1)

average letter accuracy: 43.32%
average length accuracy: 61.0%
['0%', '0%', '0%', '5.0%', '0%', '5.0%', '0%', '65.0%', '0%', '34.0%', '0%', '76.66%', '0%', '63.57%', '0%', '71.87%', '0%', '77.22%', '0%', '74.0%', '59.52%', '76.36%', '0%', '82.08%', '9.6%', '68.84%', '81.85%', '76.07%', '0%', '82.66%', '0%', '82.81%', '81.81%', '75.29%', '87.71%', '84.44%', '0%', '71.84%', '78.71%', '83.0%', '2.439%', '81.66%', '0%', '83.40%', '81.77%', '73.04%', '0%', '85.0%', '12.04%', '85.8%', '83.13%', '86.34%', '0%', '80.92%', '86.72%', '83.21%', '84.56%', '75.34%', '3.389%', '82.83%']

average letter accuracy: 98.46%
average length accuracy: 43.33%
['0%', '0%', '0%', '0%', '0%', '0%', '0%', '0%', '0%', '0%', '0%', '0%', '0%', '0%', '0%', '0%', '0%', '16.66%', '5.263%', '0%', '0%', '0%', '0%', '4.166%', '4.0%', '0%', '0%', '0%', '0%', '0%', '0%', '0%', '0%', '0%', '2.857%', '2.777%', '0%', '2.631%', '0%', '0%', '2.439%', '2.380%', '0%', '0%', '0%', '2.173%', '0%', '6.25%', '4.081%', '4.0%', '0%', '0%', '0%', '5.555%', '1.818%', '0%', '0%', '3.448%', '3.389%', '1.666%']

[IOC]
Jekyll & Hyde

[Finished in 100.7s]